TPAR
20150503.005959 2.122 12.284 239.0 13.2
20150503.015959 2.161 12.275 239.8 13.1
20150503.025959 2.219 12.073 240.8 13.4
20150503.035959 2.309 12.069 242.0 14.0
20150503.045959 2.426 12.272 243.3 14.6
20150503.055959 2.566 12.284 244.3 15.1
20150503.065959 2.749 12.588 245.2 15.5
20150503.075959 2.994 13.932 246.1 15.6
20150503.085959 3.282 16.192 246.4 15.4
20150503.095959 3.511 17.092 246.4 15.1
20150503.105959 3.750 17.987 247.1 15.1
20150503.115959 4.012 17.997 247.7 15.0
20150503.125959 4.356 17.997 247.5 14.6
20150503.135959 4.828 17.590 246.1 14.4
20150503.145959 5.369 16.808 244.1 14.3
20150503.155959 5.754 16.249 242.8 14.2
20150503.165959 5.898 15.806 242.2 14.2
20150503.175959 5.972 15.841 241.6 14.2
20150503.185959 5.971 16.197 241.4 14.3
20150503.195959 5.901 16.239 241.2 14.4
20150503.205959 5.839 16.472 241.0 14.4
20150503.215959 5.781 16.495 240.6 14.5
20150503.225959 5.690 16.495 240.3 14.6
20150503.235959 5.585 16.495 240.1 14.6
20150504.005959 5.496 16.495 239.6 14.7
20150504.015959 5.400 16.495 239.4 14.7
20150504.025959 5.299 16.475 239.3 14.7
20150504.035959 5.194 16.244 239.0 14.7
20150504.045959 5.097 16.239 238.8 14.6
20150504.055959 5.007 16.239 238.6 14.4
20150504.065959 4.924 16.239 238.3 14.2
20150504.075959 4.848 16.239 237.9 14.2
20150504.085959 4.755 15.850 237.5 14.2
20150504.095959 4.653 15.843 237.1 14.3
20150504.105959 4.544 15.843 236.8 14.3
20150504.115959 4.430 15.484 236.4 14.4
20150504.125959 4.319 15.465 236.0 14.5
20150504.135959 4.217 15.268 235.6 14.6
20150504.145959 4.113 15.249 235.3 14.7
20150504.155959 4.015 15.143 235.2 14.7
20150504.165959 3.916 15.141 235.1 14.6
20150504.175959 3.818 15.141 235.2 14.2
20150504.185959 3.729 15.021 235.2 13.8
20150504.195959 3.645 15.018 235.2 13.6
20150504.205959 3.567 15.018 235.2 13.4
20150504.215959 3.491 15.018 235.1 13.2
20150504.225959 3.413 15.018 235.1 12.9
20150504.235959 3.335 14.816 235.2 12.6
20150505.005959 3.261 14.812 235.2 12.4
20150505.015959 3.191 14.812 235.1 12.2
20150505.025959 3.117 14.498 235.0 12.0
20150505.035959 3.049 14.173 234.9 11.8
20150505.045959 2.987 14.168 234.7 11.7
20150505.055959 2.929 13.957 234.5 11.5
20150505.065959 2.876 13.833 234.1 11.4
20150505.075959 2.824 13.831 233.7 11.4
20150505.085959 2.778 13.821 233.2 11.5
20150505.095959 2.738 13.740 232.8 11.6
20150505.105959 2.695 13.739 232.3 11.6
20150505.115959 2.654 13.739 232.0 11.6
20150505.125959 2.612 13.618 231.6 11.7
20150505.135959 2.573 13.616 231.3 11.7
20150505.145959 2.532 13.616 230.9 11.9
20150505.155959 2.488 13.415 230.5 12.2
20150505.165959 2.446 13.411 229.9 12.7
20150505.175959 2.404 13.137 229.2 13.4
20150505.185959 2.364 12.877 228.3 14.4
20150505.195959 2.326 12.873 227.5 15.4
20150505.205959 2.286 12.705 226.8 16.2
20150505.215959 2.246 12.602 226.5 16.6
20150505.225959 2.197 12.600 226.7 15.7
20150505.235959 2.152 12.525 227.1 14.7
