TPAR
20150503.005959 2.128 12.284 238.6 13.0
20150503.015959 2.167 12.284 239.3 13.0
20150503.025959 2.226 12.073 240.3 13.2
20150503.035959 2.315 12.069 241.6 13.9
20150503.045959 2.432 12.281 242.8 14.5
20150503.055959 2.570 12.284 243.8 15.0
20150503.065959 2.753 12.597 244.7 15.4
20150503.075959 2.999 14.161 245.5 15.5
20150503.085959 3.297 16.487 245.8 15.2
20150503.095959 3.532 17.566 245.7 14.9
20150503.105959 3.772 17.992 246.3 14.9
20150503.115959 4.036 17.997 247.0 14.8
20150503.125959 4.374 17.997 246.8 14.4
20150503.135959 4.840 17.590 245.5 14.2
20150503.145959 5.372 17.002 243.6 14.1
20150503.155959 5.772 16.501 242.2 14.1
20150503.165959 5.923 16.241 241.5 14.0
20150503.175959 5.997 16.235 241.0 14.1
20150503.185959 5.991 16.239 240.7 14.1
20150503.195959 5.933 16.490 240.6 14.1
20150503.205959 5.867 16.495 240.3 14.2
20150503.215959 5.809 16.495 239.9 14.2
20150503.225959 5.719 16.495 239.6 14.2
20150503.235959 5.615 16.495 239.3 14.3
20150504.005959 5.530 16.495 238.9 14.4
20150504.015959 5.434 16.495 238.7 14.4
20150504.025959 5.335 16.495 238.5 14.4
20150504.035959 5.237 16.493 238.3 14.3
20150504.045959 5.133 16.245 238.0 14.2
20150504.055959 5.041 16.239 237.9 14.1
20150504.065959 4.958 16.239 237.6 13.9
20150504.075959 4.882 16.239 237.2 13.9
20150504.085959 4.796 16.239 236.8 13.9
20150504.095959 4.689 15.850 236.4 14.0
20150504.105959 4.578 15.843 236.0 14.0
20150504.115959 4.464 15.484 235.7 14.0
20150504.125959 4.351 15.478 235.4 14.1
20150504.135959 4.249 15.268 235.0 14.3
20150504.145959 4.144 15.265 234.7 14.4
20150504.155959 4.046 15.143 234.5 14.4
20150504.165959 3.946 15.141 234.4 14.2
20150504.175959 3.847 15.141 234.5 13.8
20150504.185959 3.757 15.141 234.6 13.5
20150504.195959 3.675 15.021 234.6 13.2
20150504.205959 3.594 15.018 234.5 13.1
20150504.215959 3.517 15.018 234.4 12.9
20150504.225959 3.439 15.018 234.5 12.5
20150504.235959 3.363 15.018 234.6 12.2
20150505.005959 3.286 14.816 234.6 12.1
20150505.015959 3.214 14.812 234.5 11.9
20150505.025959 3.140 14.498 234.4 11.7
20150505.035959 3.074 14.492 234.3 11.6
20150505.045959 3.007 14.173 234.1 11.4
20150505.055959 2.949 13.957 233.9 11.3
20150505.065959 2.893 13.913 233.6 11.2
20150505.075959 2.842 13.833 233.2 11.2
20150505.085959 2.795 13.831 232.7 11.3
20150505.095959 2.756 13.741 232.2 11.4
20150505.105959 2.713 13.739 231.8 11.4
20150505.115959 2.670 13.739 231.4 11.4
20150505.125959 2.629 13.714 231.1 11.5
20150505.135959 2.589 13.618 230.8 11.6
20150505.145959 2.547 13.616 230.4 11.7
20150505.155959 2.504 13.568 230.0 12.0
20150505.165959 2.460 13.414 229.4 12.4
20150505.175959 2.416 13.137 228.8 13.1
20150505.185959 2.377 13.132 228.0 14.0
20150505.195959 2.336 12.877 227.1 14.9
20150505.205959 2.296 12.705 226.5 15.6
20150505.215959 2.255 12.602 226.2 15.9
20150505.225959 2.206 12.600 226.4 15.1
20150505.235959 2.162 12.525 226.8 14.2
