TPAR
20150503.005959 2.151 12.431 235.1 13.2
20150503.015959 2.173 12.287 235.7 13.0
20150503.025959 2.221 12.284 236.5 13.1
20150503.035959 2.297 12.284 237.6 13.4
20150503.045959 2.403 12.284 238.7 13.8
20150503.055959 2.539 12.429 239.6 14.1
20150503.065959 2.696 12.865 240.2 14.4
20150503.075959 2.922 15.136 241.0 14.6
20150503.085959 3.210 17.095 241.8 14.7
20150503.095959 3.530 17.988 241.8 14.3
20150503.105959 3.809 18.216 241.6 14.0
20150503.115959 4.079 18.218 242.0 14.0
20150503.125959 4.340 18.211 242.2 13.9
20150503.135959 4.675 18.001 241.9 13.6
20150503.145959 5.139 17.590 240.9 13.4
20150503.155959 5.583 17.109 239.5 13.3
20150503.165959 5.852 16.804 238.5 13.3
20150503.175959 6.008 16.644 237.8 13.2
20150503.185959 6.055 16.642 237.4 13.2
20150503.195959 6.035 16.642 237.2 13.2
20150503.205959 6.001 16.642 237.2 13.2
20150503.215959 5.968 16.642 236.9 13.2
20150503.225959 5.913 16.498 236.7 13.2
20150503.235959 5.842 16.495 236.5 13.1
20150504.005959 5.780 16.495 236.3 13.1
20150504.015959 5.714 16.495 236.0 13.0
20150504.025959 5.640 16.495 235.8 13.0
20150504.035959 5.554 16.495 235.6 13.0
20150504.045959 5.468 16.495 235.4 12.9
20150504.055959 5.378 16.495 235.2 12.8
20150504.065959 5.287 16.495 235.1 12.7
20150504.075959 5.205 16.495 234.8 12.6
20150504.085959 5.118 16.245 234.5 12.6
20150504.095959 5.032 16.239 234.1 12.7
20150504.105959 4.934 16.239 233.7 12.8
20150504.115959 4.818 15.850 233.4 12.8
20150504.125959 4.705 15.843 233.1 12.8
20150504.135959 4.593 15.484 232.8 12.8
20150504.145959 4.486 15.478 232.4 13.1
20150504.155959 4.388 15.268 232.1 13.2
20150504.165959 4.287 15.265 231.9 13.1
20150504.175959 4.196 15.143 231.9 12.9
20150504.185959 4.106 15.141 231.8 12.7
20150504.195959 4.017 15.141 231.8 12.5
20150504.205959 3.933 15.141 231.8 12.3
20150504.215959 3.851 15.141 231.7 12.2
20150504.225959 3.773 15.021 231.7 11.9
20150504.235959 3.691 15.018 231.7 11.8
20150505.005959 3.613 15.018 231.7 11.7
20150505.015959 3.533 15.018 231.6 11.5
20150505.025959 3.451 14.816 231.5 11.4
20150505.035959 3.375 14.812 231.4 11.3
20150505.045959 3.296 14.498 231.2 11.2
20150505.055959 3.222 14.173 231.0 11.2
20150505.065959 3.156 13.957 230.7 11.1
20150505.075959 3.095 13.954 230.4 11.1
20150505.085959 3.043 13.833 230.0 11.1
20150505.095959 2.992 13.831 229.7 11.1
20150505.105959 2.945 13.831 229.3 11.2
20150505.115959 2.902 13.741 229.0 11.2
20150505.125959 2.856 13.739 228.7 11.3
20150505.135959 2.811 13.739 228.4 11.4
20150505.145959 2.764 13.739 228.2 11.4
20150505.155959 2.714 13.619 227.9 11.6
20150505.165959 2.662 13.616 227.7 11.7
20150505.175959 2.606 13.415 227.4 11.9
20150505.185959 2.552 13.411 227.0 12.2
20150505.195959 2.498 13.137 226.5 12.6
20150505.205959 2.446 12.877 226.0 13.1
20150505.215959 2.396 12.705 225.5 13.7
20150505.225959 2.347 12.702 225.3 13.8
20150505.235959 2.300 12.602 225.2 13.7
