TPAR
20150503.005959 1.592 12.431 256.5 10.8
20150503.015959 1.616 12.431 256.7 10.7
20150503.025959 1.667 12.431 257.3 11.0
20150503.035959 1.769 12.431 258.4 11.6
20150503.045959 1.918 12.431 259.5 12.4
20150503.055959 2.092 12.522 260.1 12.9
20150503.065959 2.285 13.605 260.5 13.2
20150503.075959 2.494 15.832 261.0 13.2
20150503.085959 2.706 17.564 261.3 13.1
20150503.095959 2.882 17.992 261.7 12.8
20150503.105959 3.057 18.216 262.4 12.6
20150503.115959 3.303 18.218 262.7 12.5
20150503.125959 3.645 18.001 261.2 12.3
20150503.135959 4.069 17.590 259.3 12.2
20150503.145959 4.461 17.109 258.3 11.9
20150503.155959 4.687 16.646 258.1 11.8
20150503.165959 4.785 16.498 258.0 11.8
20150503.175959 4.813 16.495 258.0 11.9
20150503.185959 4.775 16.495 258.1 12.0
20150503.195959 4.702 16.495 258.4 12.2
20150503.205959 4.622 16.495 258.6 12.3
20150503.215959 4.556 16.495 258.6 12.4
20150503.225959 4.484 16.495 258.9 12.2
20150503.235959 4.396 16.495 259.3 12.0
20150504.005959 4.308 16.495 259.5 11.9
20150504.015959 4.223 16.495 259.6 11.9
20150504.025959 4.143 16.495 259.4 11.9
20150504.035959 4.069 16.495 259.0 12.2
20150504.045959 4.007 16.495 258.6 12.3
20150504.055959 3.956 16.495 258.2 12.4
20150504.065959 3.906 16.495 257.7 12.5
20150504.075959 3.838 16.245 257.4 12.5
20150504.085959 3.756 16.239 257.3 12.4
20150504.095959 3.662 16.239 257.3 12.3
20150504.105959 3.567 16.239 257.2 12.2
20150504.115959 3.468 15.850 257.0 12.3
20150504.125959 3.374 15.484 256.7 12.3
20150504.135959 3.282 15.478 256.5 12.3
20150504.145959 3.197 15.268 256.4 12.2
20150504.155959 3.113 15.265 256.4 12.0
20150504.165959 3.040 15.143 256.3 11.9
20150504.175959 2.968 15.141 256.3 11.7
20150504.185959 2.898 15.141 256.2 11.6
20150504.195959 2.835 15.141 256.1 11.5
20150504.205959 2.773 15.141 256.0 11.4
20150504.215959 2.713 15.021 255.9 11.4
20150504.225959 2.651 15.018 255.9 11.1
20150504.235959 2.592 15.018 255.8 11.0
20150505.005959 2.532 15.018 255.7 10.9
20150505.015959 2.470 14.816 255.6 10.9
20150505.025959 2.414 14.812 255.5 10.7
20150505.035959 2.355 14.498 255.3 10.7
20150505.045959 2.300 14.173 255.1 10.7
20150505.055959 2.253 14.168 254.8 10.7
20150505.065959 2.207 13.957 254.4 10.7
20150505.075959 2.165 13.833 254.1 10.8
20150505.085959 2.126 13.831 253.7 10.9
20150505.095959 2.087 13.831 253.3 10.9
20150505.105959 2.053 13.741 253.0 10.9
20150505.115959 2.016 13.739 252.7 10.9
20150505.125959 1.979 13.739 252.3 10.9
20150505.135959 1.943 13.624 251.9 11.1
20150505.145959 1.908 13.616 251.5 11.3
20150505.155959 1.873 13.616 250.9 11.7
20150505.165959 1.834 13.415 250.2 12.4
20150505.175959 1.799 13.411 249.5 13.1
20150505.185959 1.758 13.137 249.0 13.8
20150505.195959 1.718 12.877 248.6 14.0
20150505.205959 1.678 12.705 248.5 13.6
20150505.215959 1.643 12.602 248.6 12.9
20150505.225959 1.609 12.600 248.6 12.0
20150505.235959 1.578 12.525 248.7 11.3
