TPAR
20150503.005959 2.153 12.286 236.3 12.7
20150503.015959 2.190 12.284 237.0 12.7
20150503.025959 2.250 12.284 237.9 13.0
20150503.035959 2.338 12.284 239.2 13.7
20150503.045959 2.451 12.284 240.4 14.3
20150503.055959 2.591 12.429 241.3 14.8
20150503.065959 2.762 12.698 242.0 15.2
20150503.075959 3.007 14.802 242.7 15.3
20150503.085959 3.299 16.795 243.0 15.1
20150503.095959 3.579 17.985 242.9 14.8
20150503.105959 3.826 17.997 243.3 14.7
20150503.115959 4.088 17.997 243.9 14.6
20150503.125959 4.398 17.997 243.9 14.3
20150503.135959 4.835 17.590 243.0 14.0
20150503.145959 5.360 17.109 241.4 13.8
20150503.155959 5.769 16.804 240.0 13.7
20150503.165959 5.972 16.644 239.2 13.6
20150503.175959 6.070 16.498 238.6 13.6
20150503.185959 6.078 16.495 238.2 13.6
20150503.195959 6.027 16.495 238.1 13.6
20150503.205959 5.976 16.495 237.8 13.5
20150503.215959 5.923 16.495 237.5 13.5
20150503.225959 5.841 16.495 237.2 13.5
20150503.235959 5.745 16.495 236.9 13.4
20150504.005959 5.668 16.495 236.5 13.4
20150504.015959 5.582 16.495 236.3 13.4
20150504.025959 5.490 16.495 236.1 13.3
20150504.035959 5.397 16.495 235.9 13.2
20150504.045959 5.303 16.495 235.7 13.2
20150504.055959 5.212 16.495 235.5 12.9
20150504.065959 5.121 16.245 235.3 12.8
20150504.075959 5.043 16.239 234.9 12.8
20150504.085959 4.961 16.239 234.5 12.8
20150504.095959 4.865 16.239 234.1 12.8
20150504.105959 4.753 15.850 233.8 12.8
20150504.115959 4.638 15.843 233.5 12.8
20150504.125959 4.524 15.484 233.2 12.9
20150504.135959 4.417 15.421 232.8 13.0
20150504.145959 4.315 15.267 232.5 13.2
20150504.155959 4.212 15.234 232.3 13.2
20150504.165959 4.117 15.143 232.2 13.1
20150504.175959 4.020 15.141 232.2 12.9
20150504.185959 3.930 15.141 232.2 12.6
20150504.195959 3.845 15.141 232.2 12.5
20150504.205959 3.766 15.021 232.1 12.4
20150504.215959 3.687 15.018 232.1 12.2
20150504.225959 3.607 15.018 232.1 12.0
20150504.235959 3.527 15.018 232.2 11.7
20150505.005959 3.451 15.018 232.2 11.6
20150505.015959 3.371 14.816 232.1 11.4
20150505.025959 3.299 14.812 232.0 11.3
20150505.035959 3.223 14.498 231.9 11.2
20150505.045959 3.153 14.173 231.8 11.0
20150505.055959 3.087 14.112 231.6 10.9
20150505.065959 3.027 13.956 231.3 10.8
20150505.075959 2.974 13.833 230.9 10.8
20150505.085959 2.922 13.831 230.5 10.8
20150505.095959 2.877 13.831 230.1 10.9
20150505.105959 2.836 13.741 229.7 11.0
20150505.115959 2.791 13.739 229.4 11.0
20150505.125959 2.748 13.739 229.1 11.1
20150505.135959 2.707 13.739 228.8 11.1
20150505.145959 2.661 13.619 228.5 11.2
20150505.155959 2.615 13.616 228.1 11.5
20150505.165959 2.567 13.415 227.7 11.9
20150505.175959 2.520 13.411 227.2 12.4
20150505.185959 2.472 13.137 226.6 13.2
20150505.195959 2.426 12.878 225.9 14.2
20150505.205959 2.381 12.872 225.3 15.0
20150505.215959 2.336 12.705 224.9 15.4
20150505.225959 2.287 12.602 225.0 14.8
20150505.235959 2.237 12.600 225.3 14.0
