TPAR
20150503.005959 1.920 12.284 245.2 13.8
20150503.015959 1.959 12.284 246.1 13.6
20150503.025959 2.024 12.284 247.3 13.9
20150503.035959 2.116 12.284 248.7 14.4
20150503.045959 2.239 12.284 250.1 15.1
20150503.055959 2.394 12.284 251.3 15.5
20150503.065959 2.593 12.698 252.1 15.8
20150503.075959 2.838 14.160 252.6 15.7
20150503.085959 3.102 16.487 252.7 15.5
20150503.095959 3.297 17.566 252.9 15.4
20150503.105959 3.522 17.992 253.8 15.3
20150503.115959 3.812 17.997 254.2 15.2
20150503.125959 4.195 17.590 252.9 14.9
20150503.135959 4.694 17.109 250.8 14.8
20150503.145959 5.193 16.251 248.9 14.8
20150503.155959 5.478 15.148 248.1 14.8
20150503.165959 5.581 15.141 247.8 15.0
20150503.175959 5.614 15.262 247.4 15.2
20150503.185959 5.564 15.474 247.2 15.4
20150503.195959 5.475 15.836 247.1 15.7
20150503.205959 5.403 16.233 246.8 16.0
20150503.215959 5.344 16.239 246.3 16.3
20150503.225959 5.248 16.239 246.0 16.6
20150503.235959 5.133 16.239 245.9 16.9
20150504.005959 5.035 16.239 245.5 17.2
20150504.015959 4.926 16.239 245.5 17.2
20150504.025959 4.825 16.239 245.3 17.3
20150504.035959 4.731 16.239 245.1 17.4
20150504.045959 4.641 16.239 244.9 17.3
20150504.055959 4.560 16.239 244.7 17.1
20150504.065959 4.488 16.239 244.3 17.0
20150504.075959 4.414 16.239 243.9 16.9
20150504.085959 4.318 15.850 243.6 16.9
20150504.095959 4.214 15.843 243.3 16.9
20150504.105959 4.107 15.843 243.0 17.0
20150504.115959 3.999 15.484 242.7 17.0
20150504.125959 3.897 15.478 242.3 17.2
20150504.135959 3.798 15.268 242.0 17.3
20150504.145959 3.695 15.265 241.8 17.3
20150504.155959 3.603 15.143 241.8 17.1
20150504.165959 3.507 15.141 241.9 16.8
20150504.175959 3.416 15.141 242.0 16.4
20150504.185959 3.336 15.021 242.1 16.0
20150504.195959 3.258 15.018 242.0 15.8
20150504.205959 3.186 15.018 242.0 15.5
20150504.215959 3.116 15.018 241.9 15.3
20150504.225959 3.044 15.018 242.0 14.9
20150504.235959 2.971 14.816 242.1 14.5
20150505.005959 2.905 14.812 242.1 14.2
20150505.015959 2.839 14.812 242.0 14.0
20150505.025959 2.773 14.498 241.9 13.7
20150505.035959 2.714 14.173 241.7 13.6
20150505.045959 2.659 14.168 241.5 13.3
20150505.055959 2.605 13.957 241.2 13.2
20150505.065959 2.557 13.833 240.9 13.1
20150505.075959 2.510 13.831 240.4 13.1
20150505.085959 2.469 13.831 239.9 13.2
20150505.095959 2.433 13.741 239.3 13.3
20150505.105959 2.394 13.739 238.8 13.4
20150505.115959 2.357 13.739 238.4 13.4
20150505.125959 2.321 13.618 237.9 13.5
20150505.135959 2.287 13.616 237.4 13.6
20150505.145959 2.252 13.616 236.9 13.9
20150505.155959 2.216 13.415 236.2 14.4
20150505.165959 2.183 13.411 235.3 15.2
20150505.175959 2.152 13.137 234.1 16.7
20150505.185959 2.122 12.878 232.8 18.4
20150505.195959 2.089 12.873 231.8 19.9
20150505.205959 2.053 12.705 231.2 20.7
20150505.215959 2.013 12.602 231.2 20.3
20150505.225959 1.968 12.600 231.8 18.7
20150505.235959 1.926 12.525 232.4 16.9
