TPAR
20150503.005959 2.187 12.431 234.2 13.0
20150503.015959 2.215 12.287 234.8 12.9
20150503.025959 2.268 12.284 235.7 13.1
20150503.035959 2.348 12.284 236.8 13.5
20150503.045959 2.460 12.284 237.9 14.0
20150503.055959 2.601 12.429 238.6 14.5
20150503.065959 2.768 13.119 239.2 14.8
20150503.075959 3.003 15.260 239.9 15.1
20150503.085959 3.316 17.572 240.6 15.1
20150503.095959 3.635 18.007 240.4 14.6
20150503.105959 3.916 18.216 240.4 14.3
20150503.115959 4.192 18.218 240.7 14.2
20150503.125959 4.468 18.001 240.9 14.0
20150503.135959 4.839 17.997 240.6 13.7
20150503.145959 5.330 17.590 239.5 13.4
20150503.155959 5.769 17.109 238.1 13.3
20150503.165959 6.017 16.804 237.1 13.2
20150503.175959 6.160 16.644 236.4 13.2
20150503.185959 6.196 16.642 236.0 13.2
20150503.195959 6.170 16.642 235.8 13.1
20150503.205959 6.134 16.642 235.6 13.1
20150503.215959 6.100 16.642 235.4 13.0
20150503.225959 6.040 16.498 235.1 13.0
20150503.235959 5.962 16.495 234.8 12.9
20150504.005959 5.898 16.495 234.5 12.8
20150504.015959 5.826 16.495 234.3 12.8
20150504.025959 5.745 16.495 234.0 12.8
20150504.035959 5.655 16.495 233.8 12.7
20150504.045959 5.565 16.495 233.6 12.7
20150504.055959 5.471 16.495 233.4 12.6
20150504.065959 5.380 16.495 233.3 12.4
20150504.075959 5.296 16.495 233.0 12.4
20150504.085959 5.207 16.245 232.6 12.3
20150504.095959 5.117 16.239 232.2 12.4
20150504.105959 5.014 16.239 231.9 12.5
20150504.115959 4.890 15.850 231.6 12.4
20150504.125959 4.776 15.843 231.3 12.5
20150504.135959 4.661 15.484 230.9 12.7
20150504.145959 4.557 15.268 230.6 12.8
20150504.155959 4.448 15.265 230.3 12.9
20150504.165959 4.353 15.143 230.1 12.9
20150504.175959 4.252 15.141 230.0 12.7
20150504.185959 4.158 15.141 230.0 12.5
20150504.195959 4.068 15.141 230.0 12.3
20150504.205959 3.982 15.141 230.0 12.1
20150504.215959 3.902 15.021 229.9 12.0
20150504.225959 3.818 15.018 229.9 11.8
20150504.235959 3.736 15.018 229.9 11.6
20150505.005959 3.654 15.018 229.9 11.4
20150505.015959 3.573 15.018 229.9 11.3
20150505.025959 3.489 14.816 229.8 11.2
20150505.035959 3.411 14.812 229.7 11.1
20150505.045959 3.330 14.498 229.5 11.0
20150505.055959 3.256 14.173 229.4 10.9
20150505.065959 3.189 13.957 229.1 10.8
20150505.075959 3.126 13.954 228.8 10.8
20150505.085959 3.073 13.833 228.5 10.8
20150505.095959 3.023 13.831 228.1 10.9
20150505.105959 2.974 13.831 227.7 10.9
20150505.115959 2.931 13.741 227.4 11.0
20150505.125959 2.885 13.739 227.1 11.0
20150505.135959 2.838 13.739 226.9 11.1
20150505.145959 2.791 13.739 226.6 11.2
20150505.155959 2.739 13.619 226.3 11.4
20150505.165959 2.687 13.616 226.1 11.6
20150505.175959 2.631 13.415 225.7 11.9
20150505.185959 2.578 13.411 225.3 12.3
20150505.195959 2.524 13.137 224.8 12.9
20150505.205959 2.472 12.877 224.2 13.6
20150505.215959 2.424 12.705 223.8 14.3
20150505.225959 2.371 12.702 223.6 14.3
20150505.235959 2.323 12.602 223.6 14.0
