TPAR
20150503.005959 1.886 12.284 246.4 13.5
20150503.015959 1.929 12.284 247.1 13.6
20150503.025959 2.000 12.280 248.3 13.9
20150503.035959 2.111 12.284 249.7 14.5
20150503.045959 2.262 12.284 251.0 15.1
20150503.055959 2.449 12.429 251.7 15.4
20150503.065959 2.654 13.120 252.4 15.6
20150503.075959 2.899 15.260 253.2 15.6
20150503.085959 3.134 16.794 253.7 15.4
20150503.095959 3.322 17.571 254.2 15.3
20150503.105959 3.544 17.992 255.1 15.2
20150503.115959 3.883 17.997 255.2 14.9
20150503.125959 4.305 17.590 253.4 14.8
20150503.135959 4.814 17.097 251.3 14.7
20150503.145959 5.280 16.251 249.9 14.6
20150503.155959 5.508 15.273 249.2 14.6
20150503.165959 5.610 15.143 248.8 14.8
20150503.175959 5.617 15.262 248.3 15.2
20150503.185959 5.541 15.831 248.1 15.5
20150503.195959 5.441 16.233 248.0 15.9
20150503.205959 5.344 16.239 247.8 16.2
20150503.215959 5.289 16.492 247.3 16.6
20150503.225959 5.201 16.495 247.0 16.9
20150503.235959 5.078 16.495 247.0 17.1
20150504.005959 4.962 16.495 247.0 17.3
20150504.015959 4.844 16.495 247.1 17.2
20150504.025959 4.745 16.495 246.9 17.2
20150504.035959 4.654 16.245 246.6 17.3
20150504.045959 4.580 16.239 246.3 17.3
20150504.055959 4.517 16.239 245.9 17.1
20150504.065959 4.457 16.239 245.5 17.0
20150504.075959 4.381 16.239 245.1 16.9
20150504.085959 4.277 15.850 245.0 16.8
20150504.095959 4.173 15.843 244.8 16.7
20150504.105959 4.070 15.843 244.5 16.8
20150504.115959 3.968 15.484 244.1 17.0
20150504.125959 3.868 15.478 243.8 17.0
20150504.135959 3.769 15.268 243.6 16.9
20150504.145959 3.676 15.143 243.5 16.8
20150504.155959 3.581 15.141 243.5 16.5
20150504.165959 3.490 15.141 243.6 16.1
20150504.175959 3.406 15.141 243.6 15.7
20150504.185959 3.328 15.141 243.6 15.4
20150504.195959 3.256 15.021 243.6 15.3
20150504.205959 3.186 15.018 243.5 15.1
20150504.215959 3.118 15.018 243.4 14.9
20150504.225959 3.048 15.018 243.4 14.5
20150504.235959 2.975 14.816 243.5 14.1
20150505.005959 2.909 14.812 243.4 13.9
20150505.015959 2.844 14.812 243.3 13.7
20150505.025959 2.778 14.498 243.2 13.5
20150505.035959 2.719 14.173 243.0 13.3
20150505.045959 2.666 13.957 242.8 13.2
20150505.055959 2.614 13.954 242.5 13.0
20150505.065959 2.568 13.833 242.1 12.9
20150505.075959 2.523 13.831 241.7 12.9
20150505.085959 2.484 13.741 241.2 12.9
20150505.095959 2.446 13.739 240.6 13.0
20150505.105959 2.407 13.739 240.2 13.1
20150505.115959 2.370 13.736 239.7 13.1
20150505.125959 2.333 13.618 239.3 13.1
20150505.135959 2.298 13.616 238.8 13.2
20150505.145959 2.260 13.415 238.2 13.6
20150505.155959 2.227 13.411 237.3 14.4
20150505.165959 2.191 13.137 236.3 15.4
20150505.175959 2.158 13.132 235.2 16.7
20150505.185959 2.123 12.877 234.2 18.0
20150505.195959 2.085 12.705 233.7 18.6
20150505.205959 2.045 12.602 233.6 18.4
20150505.215959 2.002 12.600 233.8 17.5
20150505.225959 1.961 12.525 234.2 16.0
20150505.235959 1.923 12.523 234.6 14.7
