TPAR
20150503.005959 1.949 12.284 244.4 13.6
20150503.015959 1.987 12.284 245.2 13.5
20150503.025959 2.053 12.284 246.3 13.7
20150503.035959 2.145 12.284 247.8 14.3
20150503.045959 2.265 12.284 249.2 14.9
20150503.055959 2.418 12.284 250.3 15.4
20150503.065959 2.616 12.597 251.2 15.7
20150503.075959 2.859 14.091 251.7 15.6
20150503.085959 3.122 16.228 251.8 15.4
20150503.095959 3.324 17.092 252.1 15.3
20150503.105959 3.550 17.988 253.0 15.3
20150503.115959 3.837 17.997 253.4 15.1
20150503.125959 4.213 17.590 252.3 14.8
20150503.135959 4.709 17.109 250.2 14.7
20150503.145959 5.222 16.495 248.4 14.7
20150503.155959 5.507 15.276 247.5 14.7
20150503.165959 5.627 15.143 247.1 14.8
20150503.175959 5.659 15.262 246.7 15.1
20150503.185959 5.616 15.474 246.5 15.3
20150503.195959 5.538 16.228 246.4 15.5
20150503.205959 5.462 16.239 246.1 15.7
20150503.215959 5.400 16.239 245.6 16.0
20150503.225959 5.306 16.239 245.4 16.2
20150503.235959 5.192 16.239 245.2 16.5
20150504.005959 5.095 16.239 244.8 16.8
20150504.015959 4.989 16.239 244.7 16.8
20150504.025959 4.888 16.239 244.6 16.8
20150504.035959 4.794 16.239 244.3 16.9
20150504.045959 4.703 16.239 244.1 16.8
20150504.055959 4.621 16.239 243.9 16.6
20150504.065959 4.549 16.239 243.6 16.5
20150504.075959 4.473 16.239 243.2 16.4
20150504.085959 4.377 15.850 242.9 16.4
20150504.095959 4.274 15.843 242.6 16.4
20150504.105959 4.168 15.843 242.3 16.5
20150504.115959 4.060 15.484 242.0 16.6
20150504.125959 3.956 15.407 241.6 16.7
20150504.135959 3.854 15.267 241.3 16.8
20150504.145959 3.760 15.143 241.1 16.8
20150504.155959 3.660 15.141 241.0 16.7
20150504.165959 3.563 15.141 241.1 16.4
20150504.175959 3.473 15.141 241.2 16.0
20150504.185959 3.390 15.021 241.3 15.6
20150504.195959 3.312 15.018 241.3 15.4
20150504.205959 3.238 15.018 241.2 15.2
20150504.215959 3.168 15.018 241.2 15.0
20150504.225959 3.096 15.018 241.2 14.5
20150504.235959 3.021 14.816 241.3 14.2
20150505.005959 2.955 14.812 241.3 13.9
20150505.015959 2.889 14.812 241.2 13.7
20150505.025959 2.821 14.498 241.1 13.5
20150505.035959 2.760 14.173 241.0 13.2
20150505.045959 2.705 14.168 240.8 13.1
20150505.055959 2.651 13.957 240.5 12.9
20150505.065959 2.603 13.833 240.1 12.8
20150505.075959 2.555 13.831 239.7 12.8
20150505.085959 2.512 13.827 239.2 12.9
20150505.095959 2.476 13.741 238.6 13.1
20150505.105959 2.437 13.739 238.1 13.1
20150505.115959 2.399 13.739 237.7 13.1
20150505.125959 2.363 13.618 237.3 13.2
20150505.135959 2.328 13.616 236.8 13.3
20150505.145959 2.293 13.616 236.3 13.5
20150505.155959 2.255 13.415 235.6 14.0
20150505.165959 2.220 13.411 234.7 14.9
20150505.175959 2.187 13.137 233.6 16.2
20150505.185959 2.156 12.878 232.4 17.7
20150505.195959 2.124 12.873 231.4 19.2
20150505.205959 2.086 12.705 230.8 20.0
20150505.215959 2.046 12.602 230.8 19.7
20150505.225959 1.999 12.600 231.3 18.1
20150505.235959 1.958 12.525 231.8 16.5
