TPAR
20150503.005959 2.165 12.287 234.2 12.7
20150503.015959 2.197 12.284 234.9 12.6
20150503.025959 2.252 12.284 235.8 12.8
20150503.035959 2.336 12.284 236.9 13.4
20150503.045959 2.450 12.284 238.1 14.0
20150503.055959 2.588 12.429 238.8 14.5
20150503.065959 2.752 13.119 239.4 14.9
20150503.075959 2.986 15.260 240.1 15.2
20150503.085959 3.294 17.094 240.8 15.2
20150503.095959 3.603 17.988 240.5 14.7
20150503.105959 3.868 18.216 240.5 14.5
20150503.115959 4.131 18.218 241.0 14.4
20150503.125959 4.407 18.001 241.1 14.1
20150503.135959 4.798 17.997 240.7 13.7
20150503.145959 5.303 17.590 239.5 13.5
20150503.155959 5.736 17.109 238.0 13.3
20150503.165959 5.965 16.804 237.0 13.2
20150503.175959 6.096 16.644 236.3 13.1
20150503.185959 6.122 16.642 235.9 13.1
20150503.195959 6.088 16.642 235.7 13.0
20150503.205959 6.047 16.642 235.6 13.0
20150503.215959 6.006 16.642 235.3 12.9
20150503.225959 5.939 16.498 234.9 12.8
20150503.235959 5.855 16.495 234.7 12.8
20150504.005959 5.785 16.495 234.3 12.8
20150504.015959 5.709 16.495 234.1 12.7
20150504.025959 5.624 16.495 233.9 12.6
20150504.035959 5.532 16.495 233.7 12.5
20150504.045959 5.442 16.495 233.5 12.5
20150504.055959 5.349 16.495 233.3 12.4
20150504.065959 5.261 16.495 233.1 12.2
20150504.075959 5.176 16.245 232.8 12.2
20150504.085959 5.095 16.239 232.4 12.2
20150504.095959 5.004 16.239 232.0 12.2
20150504.105959 4.901 16.239 231.6 12.2
20150504.115959 4.780 15.850 231.4 12.2
20150504.125959 4.666 15.843 231.1 12.3
20150504.135959 4.554 15.484 230.7 12.5
20150504.145959 4.452 15.268 230.4 12.7
20150504.155959 4.346 15.265 230.1 12.8
20150504.165959 4.252 15.143 229.9 12.8
20150504.175959 4.156 15.141 229.9 12.6
20150504.185959 4.062 15.141 229.9 12.3
20150504.195959 3.975 15.141 229.9 12.2
20150504.205959 3.891 15.141 229.9 12.0
20150504.215959 3.813 15.021 229.8 11.9
20150504.225959 3.731 15.018 229.8 11.7
20150504.235959 3.650 15.018 229.8 11.4
20150505.005959 3.571 15.018 229.8 11.3
20150505.015959 3.489 14.816 229.8 11.2
20150505.025959 3.412 14.812 229.7 11.0
20150505.035959 3.332 14.498 229.6 10.9
20150505.045959 3.260 14.492 229.5 10.8
20150505.055959 3.188 14.173 229.3 10.7
20150505.065959 3.124 13.957 229.0 10.6
20150505.075959 3.065 13.954 228.7 10.6
20150505.085959 3.014 13.833 228.4 10.6
20150505.095959 2.965 13.831 228.0 10.7
20150505.105959 2.922 13.741 227.6 10.7
20150505.115959 2.876 13.739 227.3 10.8
20150505.125959 2.831 13.739 227.1 10.8
20150505.135959 2.786 13.739 226.8 10.9
20150505.145959 2.738 13.619 226.5 11.0
20150505.155959 2.689 13.616 226.3 11.1
20150505.165959 2.640 13.616 226.0 11.4
20150505.175959 2.585 13.415 225.6 11.7
20150505.185959 2.535 13.411 225.2 12.2
20150505.195959 2.483 13.137 224.6 12.9
20150505.205959 2.433 12.877 224.1 13.6
20150505.215959 2.387 12.705 223.6 14.2
20150505.225959 2.339 12.602 223.5 14.1
20150505.235959 2.290 12.600 223.6 13.7
