TPAR
20150503.005959 2.164 12.287 235.3 12.7
20150503.015959 2.197 12.284 235.9 12.6
20150503.025959 2.254 12.284 236.8 12.9
20150503.035959 2.340 12.284 238.0 13.5
20150503.045959 2.454 12.284 239.1 14.1
20150503.055959 2.591 12.429 239.9 14.6
20150503.065959 2.754 12.865 240.6 14.9
20150503.075959 2.998 15.011 241.3 15.3
20150503.085959 3.292 16.795 241.8 15.1
20150503.095959 3.590 17.985 241.7 14.7
20150503.105959 3.843 17.997 241.8 14.6
20150503.115959 4.104 17.997 242.3 14.5
20150503.125959 4.392 17.997 242.5 14.2
20150503.135959 4.802 17.997 241.8 13.8
20150503.145959 5.316 17.590 240.4 13.6
20150503.155959 5.746 16.808 239.0 13.5
20150503.165959 5.970 16.644 238.1 13.4
20150503.175959 6.081 16.642 237.4 13.3
20150503.185959 6.100 16.642 237.0 13.3
20150503.195959 6.059 16.642 236.9 13.2
20150503.205959 6.015 16.498 236.7 13.2
20150503.215959 5.972 16.495 236.4 13.2
20150503.225959 5.894 16.495 236.0 13.1
20150503.235959 5.804 16.495 235.8 13.0
20150504.005959 5.732 16.495 235.4 13.0
20150504.015959 5.652 16.495 235.2 13.0
20150504.025959 5.563 16.495 235.0 12.9
20150504.035959 5.471 16.495 234.8 12.8
20150504.045959 5.380 16.495 234.6 12.8
20150504.055959 5.288 16.495 234.4 12.6
20150504.065959 5.203 16.495 234.2 12.4
20150504.075959 5.119 16.245 233.9 12.4
20150504.085959 5.039 16.239 233.5 12.4
20150504.095959 4.946 16.239 233.1 12.5
20150504.105959 4.834 15.850 232.7 12.5
20150504.115959 4.722 15.843 232.5 12.5
20150504.125959 4.607 15.484 232.2 12.5
20150504.135959 4.498 15.478 231.8 12.7
20150504.145959 4.398 15.268 231.5 12.9
20150504.155959 4.294 15.265 231.2 12.9
20150504.165959 4.200 15.143 231.1 12.9
20150504.175959 4.104 15.141 231.0 12.7
20150504.185959 4.013 15.141 231.1 12.5
20150504.195959 3.927 15.141 231.0 12.3
20150504.205959 3.845 15.141 231.0 12.2
20150504.215959 3.767 15.021 230.9 12.0
20150504.225959 3.687 15.018 231.0 11.8
20150504.235959 3.607 15.018 231.0 11.6
20150505.005959 3.529 15.018 231.0 11.4
20150505.015959 3.448 14.816 231.0 11.3
20150505.025959 3.372 14.812 230.9 11.2
20150505.035959 3.294 14.498 230.8 11.0
20150505.045959 3.222 14.173 230.6 10.9
20150505.055959 3.155 14.168 230.4 10.7
20150505.065959 3.093 13.957 230.2 10.7
20150505.075959 3.038 13.833 229.8 10.7
20150505.085959 2.984 13.831 229.5 10.7
20150505.095959 2.937 13.831 229.1 10.7
20150505.105959 2.896 13.741 228.7 10.8
20150505.115959 2.851 13.739 228.4 10.9
20150505.125959 2.805 13.739 228.1 10.9
20150505.135959 2.761 13.739 227.8 10.9
20150505.145959 2.714 13.619 227.6 11.1
20150505.155959 2.667 13.616 227.3 11.3
20150505.165959 2.618 13.616 226.9 11.6
20150505.175959 2.567 13.415 226.5 12.0
20150505.185959 2.515 13.137 226.0 12.6
20150505.195959 2.468 13.132 225.4 13.4
20150505.205959 2.420 12.877 224.8 14.1
20150505.215959 2.372 12.705 224.4 14.6
20150505.225959 2.324 12.602 224.4 14.3
20150505.235959 2.275 12.600 224.6 13.8
