TPAR
20150503.005959 1.714 12.287 251.9 11.8
20150503.015959 1.745 12.284 252.3 11.7
20150503.025959 1.806 12.284 253.1 12.1
20150503.035959 1.912 12.284 254.4 12.7
20150503.045959 2.064 12.284 255.7 13.4
20150503.055959 2.248 12.521 256.3 13.8
20150503.065959 2.450 13.487 256.8 14.2
20150503.075959 2.676 15.473 257.4 14.2
20150503.085959 2.904 17.093 257.8 14.0
20150503.095959 3.091 17.988 258.1 13.9
20150503.105959 3.281 17.997 259.0 13.8
20150503.115959 3.562 17.997 259.3 13.6
20150503.125959 3.948 17.997 257.6 13.4
20150503.135959 4.418 17.590 255.5 13.4
20150503.145959 4.855 16.808 254.3 13.2
20150503.155959 5.088 16.251 253.9 13.1
20150503.165959 5.170 15.850 253.7 13.2
20150503.175959 5.190 15.843 253.4 13.4
20150503.185959 5.138 16.234 253.3 13.6
20150503.195959 5.049 16.492 253.4 13.9
20150503.205959 4.954 16.495 253.5 14.2
20150503.215959 4.881 16.495 253.2 14.4
20150503.225959 4.794 16.495 253.3 14.6
20150503.235959 4.681 16.495 253.6 14.6
20150504.005959 4.571 16.495 253.8 14.5
20150504.015959 4.470 16.495 253.9 14.4
20150504.025959 4.384 16.495 253.7 14.5
20150504.035959 4.310 16.495 253.4 14.6
20150504.045959 4.242 16.495 253.0 14.7
20150504.055959 4.187 16.495 252.7 14.7
20150504.065959 4.130 16.245 252.2 14.7
20150504.075959 4.066 16.239 251.8 14.7
20150504.085959 3.978 16.239 251.7 14.6
20150504.095959 3.878 16.239 251.7 14.4
20150504.105959 3.772 15.850 251.5 14.4
20150504.115959 3.678 15.843 251.2 14.5
20150504.125959 3.580 15.484 250.9 14.5
20150504.135959 3.488 15.268 250.8 14.5
20150504.145959 3.395 15.265 250.7 14.3
20150504.155959 3.313 15.143 250.7 14.1
20150504.165959 3.229 15.141 250.7 13.8
20150504.175959 3.153 15.141 250.8 13.5
20150504.185959 3.079 15.141 250.8 13.3
20150504.195959 3.012 15.141 250.7 13.1
20150504.205959 2.949 15.021 250.6 13.0
20150504.215959 2.886 15.018 250.5 12.9
20150504.225959 2.820 15.018 250.5 12.6
20150504.235959 2.757 15.018 250.5 12.3
20150505.005959 2.692 14.816 250.5 12.2
20150505.015959 2.632 14.812 250.4 12.0
20150505.025959 2.571 14.498 250.2 11.8
20150505.035959 2.515 14.492 250.0 11.7
20150505.045959 2.462 14.173 249.8 11.6
20150505.055959 2.415 13.957 249.5 11.6
20150505.065959 2.367 13.954 249.2 11.6
20150505.075959 2.327 13.833 248.8 11.6
20150505.085959 2.286 13.831 248.4 11.8
20150505.095959 2.251 13.741 247.9 11.8
20150505.105959 2.212 13.739 247.5 11.8
20150505.115959 2.175 13.739 247.1 11.8
20150505.125959 2.140 13.739 246.8 11.9
20150505.135959 2.103 13.619 246.3 12.1
20150505.145959 2.068 13.616 245.8 12.4
20150505.155959 2.029 13.415 245.1 12.9
20150505.165959 1.995 13.411 244.2 13.8
20150505.175959 1.957 13.137 243.3 14.8
20150505.185959 1.920 12.877 242.6 15.8
20150505.195959 1.880 12.755 242.2 16.0
20150505.205959 1.839 12.703 242.1 15.7
20150505.215959 1.800 12.601 242.2 14.8
20150505.225959 1.763 12.600 242.5 13.5
20150505.235959 1.731 12.525 242.6 12.6
