TPAR
20150503.005959 1.916 12.284 245.7 13.6
20150503.015959 1.961 12.284 246.5 13.7
20150503.025959 2.032 12.073 247.7 14.1
20150503.035959 2.145 12.281 249.1 14.6
20150503.045959 2.298 12.284 250.3 15.2
20150503.055959 2.489 12.429 251.1 15.5
20150503.065959 2.700 13.398 251.8 15.7
20150503.075959 2.946 15.259 252.6 15.7
20150503.085959 3.180 16.810 253.1 15.4
20150503.095959 3.374 17.984 253.6 15.3
20150503.105959 3.596 17.997 254.6 15.3
20150503.115959 3.941 17.997 254.7 15.0
20150503.125959 4.367 17.590 252.8 14.8
20150503.135959 4.875 16.808 250.7 14.8
20150503.145959 5.331 16.250 249.3 14.7
20150503.155959 5.551 15.274 248.6 14.7
20150503.165959 5.641 15.265 248.2 14.9
20150503.175959 5.655 15.474 247.7 15.2
20150503.185959 5.586 15.836 247.5 15.5
20150503.195959 5.488 16.233 247.4 15.9
20150503.205959 5.397 16.239 247.2 16.2
20150503.215959 5.349 16.492 246.6 16.6
20150503.225959 5.263 16.495 246.2 16.9
20150503.235959 5.142 16.495 246.2 17.2
20150504.005959 5.029 16.495 246.0 17.4
20150504.015959 4.910 16.495 246.1 17.4
20150504.025959 4.811 16.495 245.9 17.4
20150504.035959 4.718 16.245 245.6 17.4
20150504.045959 4.640 16.239 245.3 17.4
20150504.055959 4.576 16.239 245.0 17.2
20150504.065959 4.513 16.239 244.6 17.1
20150504.075959 4.433 16.239 244.3 17.0
20150504.085959 4.328 15.850 244.1 16.9
20150504.095959 4.224 15.843 243.9 16.9
20150504.105959 4.119 15.843 243.5 16.9
20150504.115959 4.017 15.484 243.1 17.1
20150504.125959 3.919 15.268 242.8 17.1
20150504.135959 3.816 15.265 242.6 17.1
20150504.145959 3.722 15.143 242.5 16.9
20150504.155959 3.626 15.141 242.5 16.6
20150504.165959 3.533 15.141 242.6 16.3
20150504.175959 3.447 15.141 242.6 15.9
20150504.185959 3.369 15.141 242.6 15.6
20150504.195959 3.297 15.021 242.6 15.4
20150504.205959 3.227 15.018 242.5 15.2
20150504.215959 3.157 15.018 242.4 15.0
20150504.225959 3.085 15.018 242.4 14.6
20150504.235959 3.012 14.816 242.5 14.3
20150505.005959 2.944 14.812 242.4 14.1
20150505.015959 2.880 14.812 242.3 13.8
20150505.025959 2.812 14.498 242.2 13.6
20150505.035959 2.753 14.173 242.0 13.4
20150505.045959 2.697 13.957 241.8 13.2
20150505.055959 2.644 13.954 241.5 13.1
20150505.065959 2.598 13.833 241.1 13.0
20150505.075959 2.551 13.831 240.7 13.0
20150505.085959 2.513 13.741 240.2 13.0
20150505.095959 2.476 13.739 239.6 13.2
20150505.105959 2.437 13.739 239.1 13.2
20150505.115959 2.400 13.736 238.7 13.2
20150505.125959 2.363 13.618 238.2 13.2
20150505.135959 2.328 13.616 237.7 13.3
20150505.145959 2.290 13.415 237.1 13.7
20150505.155959 2.255 13.411 236.3 14.4
20150505.165959 2.219 13.137 235.2 15.5
20150505.175959 2.188 13.132 234.1 16.8
20150505.185959 2.155 12.878 233.0 18.3
20150505.195959 2.117 12.705 232.3 19.1
20150505.205959 2.079 12.602 232.2 19.0
20150505.215959 2.034 12.600 232.5 18.0
20150505.225959 1.991 12.525 233.0 16.5
20150505.235959 1.952 12.523 233.4 15.2
