TPAR
20150503.005959 1.963 12.431 237.4 11.1
20150503.015959 1.980 12.431 237.7 11.0
20150503.025959 2.020 12.431 238.4 11.1
20150503.035959 2.091 12.287 239.4 11.6
20150503.045959 2.200 12.429 240.6 12.2
20150503.055959 2.331 12.431 241.5 12.7
20150503.065959 2.477 12.865 242.0 13.1
20150503.075959 2.682 15.136 242.6 13.3
20150503.085959 2.939 17.095 243.3 13.5
20150503.095959 3.243 18.212 243.2 13.1
20150503.105959 3.513 18.218 242.9 12.8
20150503.115959 3.761 18.218 243.1 12.7
20150503.125959 3.998 18.218 243.3 12.6
20150503.135959 4.298 18.001 243.1 12.3
20150503.145959 4.749 17.997 242.2 12.1
20150503.155959 5.192 17.590 240.8 12.0
20150503.165959 5.449 17.110 239.9 11.8
20150503.175959 5.590 16.805 239.3 11.7
20150503.185959 5.644 16.644 239.0 11.6
20150503.195959 5.629 16.642 239.0 11.5
20150503.205959 5.602 16.642 238.9 11.5
20150503.215959 5.575 16.642 238.8 11.4
20150503.225959 5.520 16.642 238.7 11.4
20150503.235959 5.451 16.642 238.6 11.3
20150504.005959 5.393 16.498 238.4 11.2
20150504.015959 5.332 16.495 238.3 11.2
20150504.025959 5.260 16.495 238.1 11.1
20150504.035959 5.180 16.495 238.0 11.0
20150504.045959 5.098 16.495 237.9 11.0
20150504.055959 5.014 16.495 237.7 10.9
20150504.065959 4.932 16.495 237.6 10.8
20150504.075959 4.856 16.495 237.4 10.7
20150504.085959 4.780 16.495 237.0 10.8
20150504.095959 4.691 16.245 236.7 10.9
20150504.105959 4.595 16.239 236.4 10.9
20150504.115959 4.486 16.239 236.2 10.9
20150504.125959 4.369 15.850 236.1 10.8
20150504.135959 4.256 15.484 235.8 10.9
20150504.145959 4.148 15.478 235.6 11.0
20150504.155959 4.047 15.268 235.4 11.0
20150504.165959 3.949 15.265 235.3 11.0
20150504.175959 3.860 15.143 235.2 10.8
20150504.185959 3.771 15.141 235.2 10.5
20150504.195959 3.688 15.141 235.1 10.4
20150504.205959 3.608 15.141 235.1 10.3
20150504.215959 3.530 15.141 235.0 10.2
20150504.225959 3.454 15.141 235.0 10.1
20150504.235959 3.380 15.021 235.0 9.9
20150505.005959 3.306 15.018 235.0 9.9
20150505.015959 3.232 15.018 234.9 9.8
20150505.025959 3.159 15.018 234.8 9.7
20150505.035959 3.084 14.816 234.7 9.6
20150505.045959 3.010 14.498 234.5 9.6
20150505.055959 2.944 14.492 234.3 9.6
20150505.065959 2.878 14.173 234.0 9.6
20150505.075959 2.821 13.957 233.7 9.6
20150505.085959 2.767 13.954 233.4 9.7
20150505.095959 2.722 13.833 233.1 9.7
20150505.105959 2.674 13.831 232.8 9.8
20150505.115959 2.629 13.831 232.5 9.8
20150505.125959 2.588 13.741 232.3 9.8
20150505.135959 2.543 13.739 232.0 9.9
20150505.145959 2.497 13.739 231.8 9.9
20150505.155959 2.448 13.739 231.6 9.9
20150505.165959 2.398 13.619 231.5 10.0
20150505.175959 2.348 13.616 231.2 10.1
20150505.185959 2.294 13.415 231.0 10.3
20150505.195959 2.243 13.411 230.6 10.5
20150505.205959 2.191 13.137 230.3 10.9
20150505.215959 2.141 12.877 229.9 11.3
20150505.225959 2.093 12.705 229.7 11.3
20150505.235959 2.048 12.702 229.6 11.2
