TPAR
20150503.005959 1.922 12.284 246.1 13.8
20150503.015959 1.967 12.284 247.0 13.9
20150503.025959 2.037 12.284 248.1 14.1
20150503.035959 2.139 12.284 249.4 14.6
20150503.045959 2.278 12.284 250.7 15.2
20150503.055959 2.457 12.429 251.6 15.6
20150503.065959 2.666 13.120 252.3 15.8
20150503.075959 2.923 15.050 253.0 15.7
20150503.085959 3.155 16.794 253.3 15.5
20150503.095959 3.348 17.571 253.8 15.4
20150503.105959 3.576 17.992 254.8 15.3
20150503.115959 3.907 17.997 254.9 15.1
20150503.125959 4.321 17.590 253.2 14.9
20150503.135959 4.820 17.109 251.0 14.8
20150503.145959 5.291 16.251 249.5 14.8
20150503.155959 5.525 15.273 248.8 14.8
20150503.165959 5.627 15.143 248.4 15.0
20150503.175959 5.648 15.262 247.9 15.3
20150503.185959 5.584 15.831 247.7 15.6
20150503.195959 5.492 16.233 247.7 15.9
20150503.205959 5.405 16.239 247.4 16.2
20150503.215959 5.346 16.239 246.9 16.6
20150503.225959 5.265 16.492 246.6 16.9
20150503.235959 5.147 16.495 246.5 17.2
20150504.005959 5.039 16.495 246.2 17.5
20150504.015959 4.924 16.495 246.3 17.5
20150504.025959 4.822 16.495 246.1 17.5
20150504.035959 4.727 16.245 245.8 17.6
20150504.045959 4.644 16.239 245.6 17.5
20150504.055959 4.575 16.239 245.3 17.3
20150504.065959 4.509 16.239 244.9 17.2
20150504.075959 4.429 16.239 244.6 17.1
20150504.085959 4.327 15.850 244.4 17.0
20150504.095959 4.222 15.843 244.1 17.0
20150504.105959 4.118 15.843 243.8 17.1
20150504.115959 4.014 15.484 243.4 17.3
20150504.125959 3.915 15.268 243.0 17.3
20150504.135959 3.811 15.265 242.8 17.3
20150504.145959 3.716 15.143 242.7 17.2
20150504.155959 3.618 15.141 242.7 16.9
20150504.165959 3.526 15.141 242.8 16.6
20150504.175959 3.439 15.141 242.9 16.2
20150504.185959 3.359 15.141 242.9 15.9
20150504.195959 3.285 15.021 242.8 15.7
20150504.205959 3.215 15.018 242.7 15.5
20150504.215959 3.145 15.018 242.6 15.3
20150504.225959 3.073 15.018 242.7 14.9
20150504.235959 3.000 14.816 242.8 14.5
20150505.005959 2.932 14.812 242.8 14.3
20150505.015959 2.866 14.812 242.7 14.0
20150505.025959 2.801 14.498 242.6 13.8
20150505.035959 2.739 14.173 242.4 13.6
20150505.045959 2.684 14.168 242.1 13.5
20150505.055959 2.632 13.957 241.8 13.3
20150505.065959 2.584 13.833 241.5 13.2
20150505.075959 2.537 13.831 241.0 13.2
20150505.085959 2.499 13.741 240.5 13.2
20150505.095959 2.460 13.739 239.9 13.4
20150505.105959 2.423 13.739 239.4 13.5
20150505.115959 2.386 13.739 239.0 13.5
20150505.125959 2.349 13.618 238.5 13.5
20150505.135959 2.314 13.616 238.0 13.6
20150505.145959 2.279 13.616 237.4 13.9
20150505.155959 2.241 13.415 236.6 14.5
20150505.165959 2.209 13.408 235.6 15.6
20150505.175959 2.176 13.137 234.4 17.0
20150505.185959 2.143 12.878 233.2 18.6
20150505.195959 2.109 12.705 232.3 19.8
20150505.205959 2.072 12.602 232.0 20.0
20150505.215959 2.028 12.600 232.2 19.2
20150505.225959 1.985 12.525 232.8 17.5
20150505.235959 1.943 12.523 233.3 15.9
