TPAR
20150503.005959 1.999 12.523 241.6 9.0
20150503.015959 2.009 12.433 241.8 8.9
20150503.025959 2.040 12.431 242.1 9.0
20150503.035959 2.106 12.431 242.8 9.4
20150503.045959 2.210 12.431 243.6 9.9
20150503.055959 2.343 12.522 244.3 10.4
20150503.065959 2.502 13.644 244.7 10.6
20150503.075959 2.701 16.313 245.1 10.8
20150503.085959 2.953 18.056 245.5 10.9
20150503.095959 3.231 18.385 245.4 10.6
20150503.105959 3.489 18.388 245.1 10.4
20150503.115959 3.732 18.261 245.2 10.3
20150503.125959 3.947 18.219 245.4 10.3
20150503.135959 4.187 18.218 245.4 10.2
20150503.145959 4.547 18.071 244.9 10.2
20150503.155959 4.916 17.998 244.0 10.1
20150503.165959 5.163 17.713 243.3 10.0
20150503.175959 5.332 17.585 242.9 9.9
20150503.185959 5.424 17.110 242.7 9.7
20150503.195959 5.440 16.863 242.6 9.6
20150503.205959 5.435 16.802 242.6 9.5
20150503.215959 5.427 16.801 242.5 9.4
20150503.225959 5.417 16.678 242.5 9.3
20150503.235959 5.399 16.642 242.5 9.1
20150504.005959 5.376 16.642 242.4 9.0
20150504.015959 5.351 16.642 242.3 8.9
20150504.025959 5.327 16.642 242.2 8.8
20150504.035959 5.288 16.642 242.1 8.7
20150504.045959 5.237 16.642 242.0 8.6
20150504.055959 5.189 16.642 241.9 8.5
20150504.065959 5.136 16.642 241.8 8.4
20150504.075959 5.093 16.642 241.7 8.4
20150504.085959 5.045 16.541 241.5 8.4
20150504.095959 4.993 16.496 241.3 8.4
20150504.105959 4.915 16.495 241.2 8.4
20150504.115959 4.836 16.495 241.1 8.3
20150504.125959 4.751 16.495 241.0 8.2
20150504.135959 4.658 16.246 240.9 8.2
20150504.145959 4.560 16.239 240.8 8.2
20150504.155959 4.462 15.850 240.7 8.1
20150504.165959 4.364 15.563 240.6 8.1
20150504.175959 4.275 15.480 240.5 8.0
20150504.185959 4.196 15.268 240.4 7.9
20150504.195959 4.105 15.265 240.3 7.8
20150504.205959 4.026 15.171 240.2 7.7
20150504.215959 3.950 15.142 240.2 7.7
20150504.225959 3.874 15.141 240.1 7.6
20150504.235959 3.797 15.141 240.0 7.5
20150505.005959 3.710 15.141 240.0 7.5
20150505.015959 3.628 15.058 239.9 7.4
20150505.025959 3.542 15.019 239.8 7.4
20150505.035959 3.453 15.018 239.7 7.4
20150505.045959 3.365 15.018 239.6 7.4
20150505.055959 3.285 14.816 239.5 7.4
20150505.065959 3.194 14.498 239.3 7.5
20150505.075959 3.122 14.247 239.1 7.5
20150505.085959 3.044 13.958 238.9 7.6
20150505.095959 2.977 13.954 238.6 7.7
20150505.105959 2.919 13.833 238.4 7.7
20150505.115959 2.855 13.831 238.2 7.7
20150505.125959 2.791 13.831 238.0 7.7
20150505.135959 2.729 13.741 237.8 7.7
20150505.145959 2.666 13.739 237.7 7.7
20150505.155959 2.603 13.739 237.5 7.7
20150505.165959 2.539 13.739 237.4 7.8
20150505.175959 2.469 13.619 237.2 7.8
20150505.185959 2.400 13.616 237.0 7.9
20150505.195959 2.328 13.478 236.8 8.0
20150505.205959 2.259 13.412 236.6 8.1
20150505.215959 2.190 13.137 236.3 8.2
20150505.225959 2.129 12.877 236.1 8.3
20150505.235959 2.076 12.705 235.9 8.2
