TPAR
20150503.005959 2.063 12.523 242.2 8.4
20150503.015959 2.072 12.523 242.3 8.3
20150503.025959 2.101 12.473 242.5 8.4
20150503.035959 2.162 12.472 243.0 8.6
20150503.045959 2.260 12.523 243.7 9.1
20150503.055959 2.388 12.599 244.2 9.5
20150503.065959 2.546 13.870 244.5 9.6
20150503.075959 2.754 16.638 244.7 9.7
20150503.085959 3.009 18.209 245.0 9.7
20150503.095959 3.292 18.386 245.0 9.5
20150503.105959 3.557 18.388 244.8 9.4
20150503.115959 3.745 18.388 244.9 9.4
20150503.125959 3.743 18.222 245.1 9.3
20150503.135959 3.743 18.218 245.2 9.3
20150503.145959 3.743 18.218 244.9 9.4
20150503.155959 3.743 18.218 244.1 9.5
20150503.165959 3.742 18.002 243.6 9.5
20150503.175959 3.742 17.997 243.2 9.4
20150503.185959 3.741 17.591 243.1 9.3
20150503.195959 3.740 17.110 243.0 9.1
20150503.205959 3.740 17.103 243.1 9.0
20150503.215959 3.740 16.805 243.0 8.9
20150503.225959 3.740 16.801 242.9 8.8
20150503.235959 3.740 16.801 242.9 8.6
20150504.005959 3.740 16.801 242.8 8.5
20150504.015959 3.740 16.801 242.7 8.3
20150504.025959 3.739 16.644 242.7 8.2
20150504.035959 3.739 16.642 242.6 8.1
20150504.045959 3.739 16.642 242.5 7.9
20150504.055959 3.739 16.642 242.4 7.8
20150504.065959 3.739 16.642 242.3 7.8
20150504.075959 3.739 16.642 242.2 7.7
20150504.085959 3.739 16.642 242.0 7.7
20150504.095959 3.739 16.642 241.9 7.6
20150504.105959 3.739 16.642 241.7 7.5
20150504.115959 3.739 16.590 241.6 7.5
20150504.125959 3.739 16.497 241.5 7.4
20150504.135959 3.739 16.416 241.5 7.3
20150504.145959 3.739 16.412 241.4 7.3
20150504.155959 3.739 16.103 241.3 7.2
20150504.165959 3.739 15.693 241.2 7.1
20150504.175959 3.739 15.482 241.1 7.1
20150504.185959 3.739 15.379 241.0 7.0
20150504.195959 3.739 15.266 240.9 6.9
20150504.205959 3.739 15.265 240.8 6.9
20150504.215959 3.739 15.265 240.7 6.8
20150504.225959 3.739 15.144 240.6 6.8
20150504.235959 3.739 15.141 240.5 6.7
20150505.005959 3.739 15.141 240.5 6.7
20150505.015959 3.739 15.141 240.4 6.7
20150505.025959 3.705 15.141 240.3 6.6
20150505.035959 3.623 15.022 240.2 6.6
20150505.045959 3.517 15.018 240.1 6.7
20150505.055959 3.429 14.819 240.0 6.7
20150505.065959 3.334 14.633 239.8 6.8
20150505.075959 3.249 14.494 239.6 6.8
20150505.085959 3.163 14.173 239.4 6.9
20150505.095959 3.093 13.958 239.2 6.9
20150505.105959 3.023 13.875 239.0 7.0
20150505.115959 2.955 13.832 238.9 7.0
20150505.125959 2.884 13.831 238.7 7.0
20150505.135959 2.815 13.831 238.5 7.0
20150505.145959 2.751 13.741 238.4 7.0
20150505.155959 2.684 13.739 238.2 7.0
20150505.165959 2.617 13.739 238.1 7.0
20150505.175959 2.543 13.739 237.9 7.0
20150505.185959 2.471 13.619 237.8 7.0
20150505.195959 2.398 13.616 237.6 7.0
20150505.205959 2.322 13.415 237.4 7.1
20150505.215959 2.250 13.138 237.2 7.1
20150505.225959 2.186 12.971 237.0 7.2
20150505.235959 2.127 12.875 236.8 7.2
