TPAR
20150503.005959 1.658 12.431 254.1 11.2
20150503.015959 1.685 12.287 254.4 11.2
20150503.025959 1.742 12.284 255.1 11.5
20150503.035959 1.846 12.284 256.3 12.1
20150503.045959 2.000 12.429 257.5 12.8
20150503.055959 2.178 12.522 258.1 13.4
20150503.065959 2.378 13.606 258.6 13.6
20150503.075959 2.595 15.481 259.1 13.7
20150503.085959 2.816 17.093 259.5 13.6
20150503.095959 3.000 17.988 259.8 13.4
20150503.105959 3.183 18.197 260.6 13.2
20150503.115959 3.445 18.000 260.9 13.0
20150503.125959 3.809 17.997 259.3 12.9
20150503.135959 4.261 17.590 257.3 12.8
20150503.145959 4.679 16.808 256.2 12.6
20150503.155959 4.912 16.500 255.9 12.5
20150503.165959 4.996 16.245 255.7 12.5
20150503.175959 5.017 16.239 255.5 12.6
20150503.185959 4.967 16.239 255.6 12.8
20150503.195959 4.886 16.492 255.7 13.1
20150503.205959 4.797 16.495 255.8 13.3
20150503.215959 4.727 16.495 255.7 13.5
20150503.225959 4.645 16.495 255.9 13.5
20150503.235959 4.542 16.495 256.2 13.4
20150504.005959 4.440 16.495 256.5 13.3
20150504.015959 4.345 16.495 256.5 13.3
20150504.025959 4.259 16.495 256.3 13.4
20150504.035959 4.184 16.495 256.0 13.6
20150504.045959 4.119 16.495 255.6 13.7
20150504.055959 4.067 16.495 255.1 13.7
20150504.065959 4.012 16.245 254.7 13.8
20150504.075959 3.948 16.239 254.4 13.8
20150504.085959 3.863 16.239 254.3 13.7
20150504.095959 3.764 16.239 254.3 13.6
20150504.105959 3.662 15.850 254.2 13.5
20150504.115959 3.568 15.843 253.9 13.6
20150504.125959 3.472 15.484 253.7 13.6
20150504.135959 3.380 15.478 253.5 13.6
20150504.145959 3.293 15.268 253.4 13.4
20150504.155959 3.207 15.265 253.4 13.2
20150504.165959 3.132 15.143 253.4 12.9
20150504.175959 3.058 15.141 253.4 12.7
20150504.185959 2.988 15.141 253.4 12.5
20150504.195959 2.922 15.141 253.3 12.4
20150504.205959 2.860 15.021 253.2 12.3
20150504.215959 2.799 15.018 253.1 12.2
20150504.225959 2.737 15.018 253.1 11.9
20150504.235959 2.675 15.018 253.1 11.7
20150505.005959 2.614 15.018 253.1 11.6
20150505.015959 2.553 14.816 253.0 11.4
20150505.025959 2.495 14.812 252.8 11.3
20150505.035959 2.439 14.498 252.6 11.2
20150505.045959 2.386 14.173 252.4 11.2
20150505.055959 2.340 13.957 252.1 11.2
20150505.065959 2.293 13.954 251.8 11.2
20150505.075959 2.253 13.833 251.4 11.2
20150505.085959 2.212 13.831 251.0 11.3
20150505.095959 2.177 13.741 250.5 11.4
20150505.105959 2.139 13.739 250.2 11.4
20150505.115959 2.102 13.739 249.8 11.4
20150505.125959 2.066 13.739 249.4 11.4
20150505.135959 2.031 13.619 249.0 11.6
20150505.145959 1.994 13.616 248.5 11.9
20150505.155959 1.959 13.616 247.9 12.4
20150505.165959 1.922 13.415 247.1 13.1
20150505.175959 1.884 13.137 246.3 14.0
20150505.185959 1.846 13.132 245.6 14.8
20150505.195959 1.806 12.877 245.3 15.1
20150505.205959 1.766 12.705 245.1 14.8
20150505.215959 1.727 12.601 245.3 13.9
20150505.225959 1.690 12.600 245.4 12.9
20150505.235959 1.660 12.525 245.5 12.0
