TPAR
20150503.005959 2.149 12.284 237.6 12.9
20150503.015959 2.188 12.284 238.3 12.8
20150503.025959 2.251 12.284 239.3 13.2
20150503.035959 2.338 12.284 240.6 13.8
20150503.045959 2.453 12.284 241.8 14.4
20150503.055959 2.592 12.284 242.7 14.9
20150503.065959 2.772 12.698 243.6 15.3
20150503.075959 3.022 14.606 244.3 15.3
20150503.085959 3.319 16.635 244.6 15.0
20150503.095959 3.571 17.568 244.6 14.8
20150503.105959 3.818 17.992 245.1 14.7
20150503.115959 4.085 17.997 245.8 14.6
20150503.125959 4.412 17.997 245.6 14.3
20150503.135959 4.867 17.590 244.5 14.1
20150503.145959 5.395 17.109 242.7 14.0
20150503.155959 5.798 16.646 241.4 13.9
20150503.165959 5.977 16.498 240.7 13.9
20150503.175959 6.061 16.487 240.1 13.9
20150503.185959 6.063 16.495 239.8 13.9
20150503.195959 6.005 16.495 239.6 13.9
20150503.205959 5.945 16.495 239.4 13.9
20150503.215959 5.892 16.495 239.1 13.9
20150503.225959 5.804 16.495 238.8 13.9
20150503.235959 5.706 16.495 238.5 14.0
20150504.005959 5.625 16.495 238.1 14.0
20150504.015959 5.533 16.495 237.9 14.0
20150504.025959 5.437 16.495 237.7 13.9
20150504.035959 5.340 16.495 237.4 13.9
20150504.045959 5.246 16.495 237.2 13.8
20150504.055959 5.145 16.245 237.1 13.6
20150504.065959 5.061 16.239 236.8 13.4
20150504.075959 4.984 16.239 236.4 13.4
20150504.085959 4.899 16.239 236.0 13.4
20150504.095959 4.792 15.850 235.6 13.4
20150504.105959 4.685 15.843 235.3 13.5
20150504.115959 4.568 15.598 235.0 13.5
20150504.125959 4.457 15.480 234.6 13.6
20150504.135959 4.353 15.268 234.3 13.7
20150504.145959 4.246 15.265 234.0 13.8
20150504.155959 4.147 15.143 233.8 13.7
20150504.165959 4.046 15.141 233.7 13.5
20150504.175959 3.948 15.141 233.8 13.2
20150504.185959 3.857 15.141 233.8 12.9
20150504.195959 3.773 15.021 233.8 12.7
20150504.205959 3.693 15.018 233.7 12.5
20150504.215959 3.614 15.018 233.7 12.5
20150504.225959 3.535 15.018 233.7 12.2
20150504.235959 3.458 15.018 233.8 11.9
20150505.005959 3.379 14.816 233.7 11.8
20150505.015959 3.305 14.812 233.7 11.6
20150505.025959 3.228 14.498 233.6 11.5
20150505.035959 3.160 14.492 233.5 11.4
20150505.045959 3.092 14.173 233.3 11.2
20150505.055959 3.030 13.957 233.1 11.1
20150505.065959 2.970 13.954 232.8 11.0
20150505.075959 2.918 13.833 232.4 11.0
20150505.085959 2.869 13.831 231.9 11.1
20150505.095959 2.828 13.741 231.5 11.2
20150505.105959 2.784 13.739 231.1 11.2
20150505.115959 2.740 13.739 230.7 11.3
20150505.125959 2.699 13.739 230.4 11.3
20150505.135959 2.657 13.618 230.1 11.4
20150505.145959 2.613 13.616 229.7 11.4
20150505.155959 2.570 13.616 229.4 11.6
20150505.165959 2.522 13.415 228.9 12.0
20150505.175959 2.479 13.411 228.3 12.6
20150505.185959 2.433 13.137 227.6 13.4
20150505.195959 2.389 12.877 226.9 14.3
20150505.205959 2.347 12.705 226.3 15.1
20150505.215959 2.302 12.696 225.9 15.5
20150505.225959 2.253 12.601 226.0 14.9
20150505.235959 2.209 12.525 226.3 14.1
