TPAR
20150503.005959 1.918 12.431 237.9 10.6
20150503.015959 1.932 12.431 238.2 10.5
20150503.025959 1.970 12.431 238.8 10.6
20150503.035959 2.044 12.431 239.8 11.1
20150503.045959 2.150 12.431 241.0 11.8
20150503.055959 2.279 12.431 241.8 12.4
20150503.065959 2.425 12.865 242.4 12.7
20150503.075959 2.623 15.136 243.0 13.0
20150503.085959 2.873 17.095 243.6 13.1
20150503.095959 3.170 18.212 243.4 12.8
20150503.105959 3.433 18.218 243.1 12.4
20150503.115959 3.678 18.218 243.2 12.3
20150503.125959 3.910 18.218 243.4 12.2
20150503.135959 4.198 18.001 243.3 12.0
20150503.145959 4.639 17.997 242.4 11.7
20150503.155959 5.077 17.590 241.1 11.5
20150503.165959 5.335 17.110 240.1 11.4
20150503.175959 5.474 16.805 239.6 11.2
20150503.185959 5.530 16.644 239.3 11.2
20150503.195959 5.517 16.642 239.3 11.1
20150503.205959 5.491 16.642 239.3 11.0
20150503.215959 5.465 16.642 239.1 11.0
20150503.225959 5.412 16.642 239.0 10.9
20150503.235959 5.345 16.642 239.0 10.8
20150504.005959 5.287 16.498 238.9 10.8
20150504.015959 5.228 16.495 238.7 10.7
20150504.025959 5.158 16.495 238.6 10.6
20150504.035959 5.081 16.495 238.5 10.6
20150504.045959 4.999 16.495 238.4 10.5
20150504.055959 4.917 16.495 238.2 10.4
20150504.065959 4.837 16.495 238.1 10.3
20150504.075959 4.760 16.495 237.9 10.3
20150504.085959 4.686 16.495 237.5 10.3
20150504.095959 4.598 16.245 237.2 10.4
20150504.105959 4.501 16.239 237.0 10.4
20150504.115959 4.395 16.239 236.8 10.4
20150504.125959 4.276 15.850 236.7 10.3
20150504.135959 4.167 15.843 236.5 10.4
20150504.145959 4.057 15.484 236.3 10.4
20150504.155959 3.958 15.268 236.1 10.5
20150504.165959 3.860 15.265 236.0 10.4
20150504.175959 3.772 15.143 235.9 10.2
20150504.185959 3.685 15.141 235.9 10.0
20150504.195959 3.602 15.141 235.8 9.9
20150504.205959 3.524 15.141 235.8 9.8
20150504.215959 3.448 15.141 235.7 9.7
20150504.225959 3.372 15.141 235.7 9.6
20150504.235959 3.300 15.021 235.7 9.5
20150505.005959 3.228 15.018 235.6 9.4
20150505.015959 3.157 15.018 235.6 9.4
20150505.025959 3.085 15.018 235.5 9.3
20150505.035959 3.010 14.816 235.4 9.2
20150505.045959 2.942 14.812 235.2 9.2
20150505.055959 2.872 14.498 235.0 9.2
20150505.065959 2.809 14.173 234.8 9.2
20150505.075959 2.752 13.957 234.5 9.2
20150505.085959 2.699 13.954 234.2 9.3
20150505.095959 2.654 13.833 233.8 9.4
20150505.105959 2.606 13.831 233.6 9.4
20150505.115959 2.561 13.831 233.3 9.4
20150505.125959 2.520 13.741 233.1 9.4
20150505.135959 2.475 13.739 232.9 9.4
20150505.145959 2.429 13.739 232.7 9.5
20150505.155959 2.382 13.739 232.5 9.5
20150505.165959 2.332 13.619 232.3 9.6
20150505.175959 2.283 13.616 232.2 9.6
20150505.185959 2.232 13.490 231.9 9.8
20150505.195959 2.179 13.412 231.6 10.0
20150505.205959 2.127 13.137 231.3 10.4
20150505.215959 2.077 12.877 230.9 10.7
20150505.225959 2.030 12.705 230.8 10.7
20150505.235959 1.985 12.702 230.6 10.6
