TPAR
20150503.005959 2.097 12.431 235.5 12.4
20150503.015959 2.120 12.431 236.1 12.2
20150503.025959 2.165 12.287 236.8 12.3
20150503.035959 2.242 12.284 237.9 12.7
20150503.045959 2.351 12.284 239.1 13.3
20150503.055959 2.488 12.429 239.9 13.7
20150503.065959 2.646 12.865 240.5 14.0
20150503.075959 2.871 15.136 241.2 14.2
20150503.085959 3.157 17.095 242.0 14.3
20150503.095959 3.477 18.212 241.8 13.9
20150503.105959 3.761 18.218 241.7 13.6
20150503.115959 4.024 18.218 242.0 13.6
20150503.125959 4.282 18.218 242.1 13.4
20150503.135959 4.617 18.001 241.9 13.1
20150503.145959 5.095 17.590 240.9 12.8
20150503.155959 5.542 17.301 239.6 12.7
20150503.165959 5.804 16.806 238.6 12.7
20150503.175959 5.947 16.801 237.9 12.6
20150503.185959 6.002 16.644 237.6 12.6
20150503.195959 5.979 16.642 237.4 12.5
20150503.205959 5.949 16.642 237.3 12.5
20150503.215959 5.918 16.642 237.1 12.5
20150503.225959 5.857 16.642 236.9 12.4
20150503.235959 5.789 16.498 236.8 12.4
20150504.005959 5.726 16.495 236.6 12.3
20150504.015959 5.660 16.495 236.4 12.3
20150504.025959 5.586 16.495 236.2 12.3
20150504.035959 5.502 16.495 236.1 12.2
20150504.045959 5.414 16.495 235.9 12.1
20150504.055959 5.325 16.495 235.8 12.0
20150504.065959 5.238 16.495 235.6 11.9
20150504.075959 5.159 16.495 235.4 11.8
20150504.085959 5.074 16.245 235.0 11.9
20150504.095959 4.988 16.239 234.6 11.9
20150504.105959 4.892 16.239 234.2 12.1
20150504.115959 4.772 15.850 234.0 12.1
20150504.125959 4.658 15.843 233.8 12.1
20150504.135959 4.544 15.484 233.4 12.2
20150504.145959 4.434 15.478 233.1 12.4
20150504.155959 4.331 15.268 232.9 12.4
20150504.165959 4.228 15.265 232.7 12.4
20150504.175959 4.137 15.143 232.7 12.2
20150504.185959 4.045 15.141 232.7 11.9
20150504.195959 3.956 15.141 232.7 11.7
20150504.205959 3.872 15.141 232.6 11.5
20150504.215959 3.791 15.141 232.6 11.4
20150504.225959 3.712 15.021 232.6 11.2
20150504.235959 3.631 15.018 232.6 11.1
20150505.005959 3.552 15.018 232.6 10.9
20150505.015959 3.472 15.018 232.5 10.8
20150505.025959 3.390 14.816 232.4 10.7
20150505.035959 3.314 14.812 232.3 10.6
20150505.045959 3.236 14.498 232.1 10.5
20150505.055959 3.162 14.173 231.9 10.4
20150505.065959 3.095 14.168 231.6 10.4
20150505.075959 3.035 13.957 231.3 10.5
20150505.085959 2.984 13.833 230.9 10.5
20150505.095959 2.932 13.831 230.5 10.6
20150505.105959 2.884 13.831 230.2 10.7
20150505.115959 2.840 13.741 229.9 10.7
20150505.125959 2.795 13.739 229.6 10.8
20150505.135959 2.747 13.739 229.4 10.8
20150505.145959 2.700 13.739 229.1 10.9
20150505.155959 2.650 13.619 228.9 11.0
20150505.165959 2.598 13.616 228.6 11.2
20150505.175959 2.545 13.616 228.4 11.4
20150505.185959 2.489 13.415 228.0 11.8
20150505.195959 2.433 13.137 227.6 12.3
20150505.205959 2.381 13.132 227.1 12.8
20150505.215959 2.329 12.877 226.7 13.2
20150505.225959 2.278 12.705 226.6 13.1
20150505.235959 2.230 12.602 226.6 12.9
