TPAR
20150503.005959 2.170 12.358 234.1 12.8
20150503.015959 2.200 12.285 234.8 12.7
20150503.025959 2.255 12.284 235.7 12.9
20150503.035959 2.336 12.284 236.8 13.5
20150503.045959 2.450 12.284 237.9 14.0
20150503.055959 2.588 12.429 238.7 14.5
20150503.065959 2.753 13.119 239.2 14.9
20150503.075959 2.987 15.260 239.9 15.2
20150503.085959 3.296 17.113 240.6 15.2
20150503.095959 3.609 17.989 240.4 14.6
20150503.105959 3.878 18.216 240.3 14.5
20150503.115959 4.146 18.218 240.8 14.4
20150503.125959 4.420 18.001 240.9 14.1
20150503.135959 4.806 17.997 240.6 13.7
20150503.145959 5.307 17.590 239.3 13.5
20150503.155959 5.740 17.109 237.9 13.3
20150503.165959 5.973 16.804 236.9 13.2
20150503.175959 6.106 16.644 236.2 13.1
20150503.185959 6.135 16.642 235.8 13.1
20150503.195959 6.103 16.642 235.6 13.0
20150503.205959 6.063 16.642 235.4 13.0
20150503.215959 6.024 16.642 235.1 12.9
20150503.225959 5.959 16.498 234.8 12.8
20150503.235959 5.876 16.495 234.5 12.8
20150504.005959 5.807 16.495 234.2 12.8
20150504.015959 5.734 16.495 233.9 12.7
20150504.025959 5.650 16.495 233.7 12.6
20150504.035959 5.557 16.495 233.5 12.5
20150504.045959 5.467 16.495 233.3 12.5
20150504.055959 5.374 16.495 233.1 12.4
20150504.065959 5.286 16.495 233.0 12.2
20150504.075959 5.206 16.495 232.7 12.2
20150504.085959 5.119 16.245 232.3 12.2
20150504.095959 5.027 16.239 231.9 12.2
20150504.105959 4.924 16.239 231.5 12.2
20150504.115959 4.802 15.850 231.2 12.2
20150504.125959 4.689 15.843 230.9 12.3
20150504.135959 4.577 15.484 230.6 12.5
20150504.145959 4.472 15.268 230.2 12.7
20150504.155959 4.368 15.265 230.0 12.8
20150504.165959 4.273 15.143 229.8 12.8
20150504.175959 4.174 15.141 229.7 12.6
20150504.185959 4.082 15.141 229.8 12.4
20150504.195959 3.993 15.141 229.7 12.2
20150504.205959 3.910 15.141 229.7 12.0
20150504.215959 3.830 15.021 229.6 11.9
20150504.225959 3.748 15.018 229.7 11.7
20150504.235959 3.668 15.018 229.7 11.4
20150505.005959 3.588 15.018 229.7 11.3
20150505.015959 3.509 15.018 229.6 11.2
20150505.025959 3.427 14.816 229.6 11.0
20150505.035959 3.347 14.498 229.5 10.9
20150505.045959 3.273 14.492 229.3 10.8
20150505.055959 3.201 14.173 229.1 10.7
20150505.065959 3.137 13.957 228.9 10.6
20150505.075959 3.075 13.954 228.6 10.6
20150505.085959 3.026 13.833 228.2 10.6
20150505.095959 2.977 13.831 227.8 10.7
20150505.105959 2.933 13.741 227.5 10.7
20150505.115959 2.887 13.739 227.2 10.8
20150505.125959 2.841 13.739 226.9 10.9
20150505.135959 2.795 13.739 226.7 10.9
20150505.145959 2.749 13.739 226.4 11.0
20150505.155959 2.699 13.619 226.1 11.2
20150505.165959 2.647 13.616 225.9 11.4
20150505.175959 2.594 13.415 225.5 11.7
20150505.185959 2.542 13.411 225.1 12.2
20150505.195959 2.490 13.137 224.5 12.9
20150505.205959 2.440 12.877 224.0 13.6
20150505.215959 2.393 12.705 223.5 14.2
20150505.225959 2.343 12.640 223.4 14.1
20150505.235959 2.295 12.601 223.5 13.8
