TPAR
20150503.005959 2.053 12.431 236.2 12.0
20150503.015959 2.073 12.431 236.7 11.8
20150503.025959 2.114 12.287 237.4 11.9
20150503.035959 2.191 12.284 238.5 12.3
20150503.045959 2.300 12.284 239.7 12.9
20150503.055959 2.435 12.429 240.5 13.4
20150503.065959 2.589 12.865 241.1 13.7
20150503.075959 2.805 15.136 241.8 14.0
20150503.085959 3.081 17.095 242.5 14.0
20150503.095959 3.396 18.212 242.4 13.7
20150503.105959 3.676 18.218 242.2 13.4
20150503.115959 3.933 18.218 242.4 13.2
20150503.125959 4.184 18.218 242.6 13.2
20150503.135959 4.506 18.001 242.4 12.9
20150503.145959 4.982 17.997 241.4 12.6
20150503.155959 5.426 17.590 240.0 12.5
20150503.165959 5.681 17.110 239.1 12.4
20150503.175959 5.826 16.805 238.4 12.3
20150503.185959 5.881 16.644 238.1 12.2
20150503.195959 5.860 16.642 238.0 12.2
20150503.205959 5.831 16.642 238.0 12.2
20150503.215959 5.800 16.642 237.8 12.2
20150503.225959 5.741 16.642 237.6 12.1
20150503.235959 5.674 16.498 237.5 12.0
20150504.005959 5.612 16.495 237.3 12.0
20150504.015959 5.548 16.495 237.1 11.9
20150504.025959 5.475 16.495 237.0 11.9
20150504.035959 5.391 16.495 236.8 11.9
20150504.045959 5.305 16.495 236.7 11.8
20150504.055959 5.218 16.495 236.5 11.7
20150504.065959 5.134 16.495 236.4 11.6
20150504.075959 5.056 16.495 236.1 11.5
20150504.085959 4.971 16.245 235.8 11.5
20150504.095959 4.887 16.239 235.4 11.6
20150504.105959 4.791 16.239 235.0 11.7
20150504.115959 4.678 16.188 234.8 11.7
20150504.125959 4.558 15.849 234.6 11.7
20150504.135959 4.446 15.484 234.3 11.8
20150504.145959 4.337 15.478 234.0 11.9
20150504.155959 4.234 15.268 233.8 11.9
20150504.165959 4.132 15.265 233.7 11.9
20150504.175959 4.042 15.143 233.6 11.7
20150504.185959 3.950 15.141 233.6 11.5
20150504.195959 3.864 15.141 233.6 11.3
20150504.205959 3.782 15.141 233.5 11.2
20150504.215959 3.701 15.141 233.5 11.0
20150504.225959 3.623 15.021 233.5 10.9
20150504.235959 3.545 15.018 233.5 10.7
20150505.005959 3.469 15.018 233.4 10.6
20150505.015959 3.391 15.018 233.4 10.5
20150505.025959 3.311 14.816 233.3 10.4
20150505.035959 3.235 14.812 233.1 10.3
20150505.045959 3.159 14.498 233.0 10.2
20150505.055959 3.089 14.492 232.7 10.2
20150505.065959 3.021 14.173 232.5 10.2
20150505.075959 2.963 13.957 232.2 10.2
20150505.085959 2.911 13.833 231.8 10.3
20150505.095959 2.862 13.831 231.4 10.3
20150505.105959 2.813 13.831 231.1 10.4
20150505.115959 2.770 13.741 230.8 10.5
20150505.125959 2.724 13.739 230.6 10.5
20150505.135959 2.679 13.739 230.3 10.5
20150505.145959 2.632 13.739 230.1 10.6
20150505.155959 2.582 13.622 229.8 10.7
20150505.165959 2.531 13.616 229.6 10.8
20150505.175959 2.479 13.616 229.4 11.0
20150505.185959 2.423 13.415 229.0 11.3
20150505.195959 2.371 13.373 228.6 11.7
20150505.205959 2.317 13.136 228.2 12.1
20150505.215959 2.267 12.877 227.8 12.5
20150505.225959 2.217 12.705 227.7 12.5
20150505.235959 2.171 12.602 227.6 12.3
