TPAR
20150503.005959 2.024 12.284 242.3 13.5
20150503.015959 2.059 12.284 243.1 13.3
20150503.025959 2.122 12.282 244.1 13.6
20150503.035959 2.214 12.275 245.5 14.1
20150503.045959 2.331 12.284 246.9 14.7
20150503.055959 2.474 12.284 247.9 15.2
20150503.065959 2.659 12.597 248.9 15.6
20150503.075959 2.903 13.941 249.7 15.7
20150503.085959 3.183 16.229 249.9 15.4
20150503.095959 3.405 17.092 249.9 15.2
20150503.105959 3.636 17.988 250.7 15.2
20150503.115959 3.900 17.997 251.3 15.0
20150503.125959 4.256 17.997 250.8 14.7
20150503.135959 4.730 17.590 249.0 14.6
20150503.145959 5.266 16.647 247.0 14.5
20150503.155959 5.599 15.840 245.8 14.5
20150503.165959 5.733 15.270 245.4 14.6
20150503.175959 5.786 15.474 244.9 14.6
20150503.185959 5.769 15.836 244.6 14.8
20150503.195959 5.701 16.234 244.5 15.0
20150503.205959 5.630 16.239 244.3 15.1
20150503.215959 5.572 16.239 243.9 15.3
20150503.225959 5.487 16.483 243.6 15.4
20150503.235959 5.379 16.494 243.4 15.6
20150504.005959 5.288 16.494 243.1 15.8
20150504.015959 5.187 16.453 242.9 15.8
20150504.025959 5.079 16.244 242.8 15.8
20150504.035959 4.984 16.239 242.5 15.9
20150504.045959 4.891 16.239 242.3 15.8
20150504.055959 4.801 16.239 242.1 15.6
20150504.065959 4.725 16.239 241.8 15.4
20150504.075959 4.651 16.239 241.4 15.4
20150504.085959 4.556 15.850 241.0 15.5
20150504.095959 4.454 15.843 240.7 15.5
20150504.105959 4.345 15.843 240.4 15.6
20150504.115959 4.233 15.484 240.0 15.6
20150504.125959 4.124 15.478 239.7 15.8
20150504.135959 4.024 15.268 239.3 16.0
20150504.145959 3.919 15.263 239.0 16.1
20150504.155959 3.823 15.143 238.8 16.0
20150504.165959 3.725 15.141 238.8 15.7
20150504.175959 3.630 15.141 238.9 15.3
20150504.185959 3.544 15.021 239.0 14.9
20150504.195959 3.462 15.018 239.0 14.6
20150504.205959 3.386 15.018 239.0 14.5
20150504.215959 3.312 15.018 238.9 14.3
20150504.225959 3.237 15.018 239.0 13.9
20150504.235959 3.162 14.816 239.0 13.6
20150505.005959 3.092 14.812 239.0 13.3
20150505.015959 3.022 14.812 239.0 13.1
20150505.025959 2.952 14.498 238.8 12.9
20150505.035959 2.890 14.476 238.7 12.7
20150505.045959 2.829 14.173 238.5 12.5
20150505.055959 2.773 13.957 238.2 12.3
20150505.065959 2.721 13.833 237.9 12.2
20150505.075959 2.670 13.831 237.4 12.2
20150505.085959 2.625 13.831 236.9 12.3
20150505.095959 2.587 13.741 236.4 12.4
20150505.105959 2.546 13.739 235.9 12.5
20150505.115959 2.507 13.739 235.5 12.5
20150505.125959 2.468 13.618 235.1 12.5
20150505.135959 2.430 13.616 234.7 12.7
20150505.145959 2.392 13.616 234.3 12.8
20150505.155959 2.351 13.415 233.8 13.2
20150505.165959 2.314 13.411 233.1 13.8
20150505.175959 2.276 13.137 232.1 14.8
20150505.185959 2.241 13.119 231.1 16.0
20150505.195959 2.204 12.877 230.2 17.3
20150505.205959 2.166 12.705 229.5 18.1
20150505.215959 2.128 12.602 229.3 18.3
20150505.225959 2.079 12.600 229.6 17.3
20150505.235959 2.036 12.525 230.0 16.0
