TPAR
20150503.005959 1.922 12.284 245.7 14.0
20150503.015959 1.963 12.284 246.5 13.8
20150503.025959 2.028 12.284 247.6 14.0
20150503.035959 2.122 12.284 249.1 14.5
20150503.045959 2.247 12.284 250.5 15.2
20150503.055959 2.405 12.284 251.6 15.6
20150503.065959 2.607 12.698 252.4 15.9
20150503.075959 2.852 14.160 252.9 15.8
20150503.085959 3.114 16.487 253.0 15.6
20150503.095959 3.305 17.566 253.3 15.4
20150503.105959 3.528 17.992 254.2 15.4
20150503.115959 3.822 17.997 254.6 15.3
20150503.125959 4.215 17.590 253.3 15.0
20150503.135959 4.717 17.109 251.1 14.9
20150503.145959 5.213 16.251 249.3 14.9
20150503.155959 5.490 15.148 248.5 15.0
20150503.165959 5.593 15.021 248.1 15.1
20150503.175959 5.631 15.139 247.8 15.3
20150503.185959 5.569 15.471 247.5 15.6
20150503.195959 5.477 15.836 247.5 15.9
20150503.205959 5.405 16.233 247.2 16.2
20150503.215959 5.344 16.239 246.7 16.5
20150503.225959 5.248 16.239 246.4 16.8
20150503.235959 5.132 16.239 246.3 17.1
20150504.005959 5.031 16.239 246.0 17.4
20150504.015959 4.922 16.239 246.0 17.5
20150504.025959 4.819 16.239 245.8 17.5
20150504.035959 4.727 16.239 245.6 17.6
20150504.045959 4.637 16.239 245.3 17.6
20150504.055959 4.558 16.239 245.1 17.4
20150504.065959 4.490 16.239 244.7 17.2
20150504.075959 4.415 16.239 244.3 17.1
20150504.085959 4.318 15.850 244.0 17.1
20150504.095959 4.214 15.843 243.8 17.1
20150504.105959 4.107 15.843 243.5 17.2
20150504.115959 4.001 15.484 243.1 17.3
20150504.125959 3.902 15.268 242.7 17.5
20150504.135959 3.798 15.265 242.4 17.6
20150504.145959 3.704 15.143 242.3 17.6
20150504.155959 3.605 15.141 242.3 17.4
20150504.165959 3.511 15.141 242.3 17.0
20150504.175959 3.420 15.141 242.5 16.6
20150504.185959 3.340 15.021 242.5 16.2
20150504.195959 3.262 15.018 242.5 16.0
20150504.205959 3.190 15.018 242.4 15.7
20150504.215959 3.120 15.018 242.4 15.5
20150504.225959 3.050 15.018 242.5 15.1
20150504.235959 2.977 14.816 242.5 14.7
20150505.005959 2.909 14.812 242.5 14.5
20150505.015959 2.845 14.812 242.4 14.2
20150505.025959 2.780 14.498 242.3 14.0
20150505.035959 2.720 14.173 242.2 13.7
20150505.045959 2.663 14.168 241.9 13.5
20150505.055959 2.611 13.957 241.6 13.4
20150505.065959 2.563 13.833 241.3 13.3
20150505.075959 2.518 13.831 240.8 13.3
20150505.085959 2.478 13.741 240.3 13.4
20150505.095959 2.439 13.739 239.7 13.5
20150505.105959 2.402 13.739 239.2 13.6
20150505.115959 2.363 13.739 238.8 13.6
20150505.125959 2.328 13.618 238.3 13.6
20150505.135959 2.294 13.616 237.8 13.7
20150505.145959 2.259 13.616 237.2 14.0
20150505.155959 2.222 13.415 236.5 14.5
20150505.165959 2.191 13.411 235.6 15.4
20150505.175959 2.158 13.137 234.4 16.8
20150505.185959 2.128 12.878 233.2 18.5
20150505.195959 2.096 12.705 232.2 20.0
20150505.205959 2.059 12.702 231.7 20.7
20150505.215959 2.019 12.602 231.7 20.3
20150505.225959 1.975 12.525 232.2 18.7
20150505.235959 1.932 12.523 232.8 17.0
