TPAR
20150503.005959 2.172 12.431 235.0 13.3
20150503.015959 2.197 12.287 235.6 13.2
20150503.025959 2.247 12.284 236.4 13.2
20150503.035959 2.324 12.284 237.5 13.6
20150503.045959 2.430 12.284 238.6 14.0
20150503.055959 2.570 12.429 239.5 14.4
20150503.065959 2.729 12.865 240.2 14.6
20150503.075959 2.962 15.136 240.9 14.8
20150503.085959 3.257 17.095 241.7 14.9
20150503.095959 3.580 17.988 241.6 14.5
20150503.105959 3.861 18.216 241.5 14.2
20150503.115959 4.134 18.218 241.9 14.1
20150503.125959 4.398 18.001 242.0 14.0
20150503.135959 4.749 17.997 241.7 13.7
20150503.145959 5.224 17.590 240.6 13.5
20150503.155959 5.668 17.109 239.3 13.4
20150503.165959 5.932 16.804 238.2 13.4
20150503.175959 6.084 16.644 237.5 13.4
20150503.185959 6.129 16.642 237.2 13.4
20150503.195959 6.106 16.642 237.0 13.4
20150503.205959 6.071 16.642 236.9 13.3
20150503.215959 6.038 16.642 236.7 13.3
20150503.225959 5.983 16.498 236.4 13.2
20150503.235959 5.907 16.495 236.2 13.2
20150504.005959 5.845 16.495 236.0 13.2
20150504.015959 5.779 16.495 235.7 13.2
20150504.025959 5.702 16.495 235.5 13.2
20150504.035959 5.615 16.495 235.3 13.1
20150504.045959 5.527 16.495 235.1 13.1
20150504.055959 5.434 16.495 235.0 12.9
20150504.065959 5.344 16.495 234.8 12.8
20150504.075959 5.262 16.495 234.6 12.8
20150504.085959 5.172 16.245 234.2 12.7
20150504.095959 5.085 16.239 233.8 12.8
20150504.105959 4.986 16.239 233.4 12.8
20150504.115959 4.867 15.850 233.1 12.8
20150504.125959 4.752 15.843 232.8 12.8
20150504.135959 4.640 15.484 232.5 13.0
20150504.145959 4.537 15.268 232.1 13.2
20150504.155959 4.431 15.265 231.8 13.2
20150504.165959 4.330 15.265 231.6 13.2
20150504.175959 4.239 15.143 231.5 13.1
20150504.185959 4.145 15.141 231.5 12.9
20150504.195959 4.056 15.141 231.5 12.6
20150504.205959 3.972 15.141 231.5 12.5
20150504.215959 3.891 15.097 231.4 12.3
20150504.225959 3.809 15.020 231.4 12.1
20150504.235959 3.727 15.018 231.4 11.9
20150505.005959 3.646 15.018 231.4 11.8
20150505.015959 3.566 15.018 231.3 11.7
20150505.025959 3.483 14.816 231.2 11.5
20150505.035959 3.405 14.812 231.1 11.4
20150505.045959 3.325 14.498 230.9 11.3
20150505.055959 3.251 14.173 230.6 11.2
20150505.065959 3.185 13.957 230.4 11.2
20150505.075959 3.123 13.954 230.1 11.2
20150505.085959 3.070 13.833 229.7 11.2
20150505.095959 3.018 13.831 229.3 11.2
20150505.105959 2.971 13.831 229.0 11.3
20150505.115959 2.928 13.741 228.7 11.4
20150505.125959 2.883 13.739 228.3 11.4
20150505.135959 2.836 13.739 228.1 11.4
20150505.145959 2.788 13.739 227.8 11.6
20150505.155959 2.738 13.619 227.5 11.7
20150505.165959 2.687 13.616 227.3 11.9
20150505.175959 2.630 13.415 227.0 12.1
20150505.185959 2.577 13.411 226.6 12.4
20150505.195959 2.522 13.137 226.1 12.9
20150505.205959 2.469 12.877 225.6 13.5
20150505.215959 2.420 12.705 225.1 14.1
20150505.225959 2.369 12.702 224.8 14.2
20150505.235959 2.322 12.602 224.8 14.0
