TPAR
20150503.005959 1.924 12.284 246.3 14.0
20150503.015959 1.967 12.284 247.2 13.9
20150503.025959 2.035 12.284 248.3 14.2
20150503.035959 2.133 12.284 249.7 14.7
20150503.045959 2.266 12.284 251.0 15.2
20150503.055959 2.441 12.429 251.8 15.7
20150503.065959 2.647 12.866 252.6 15.9
20150503.075959 2.900 14.801 253.2 15.8
20150503.085959 3.146 16.634 253.5 15.6
20150503.095959 3.334 17.567 253.9 15.4
20150503.105959 3.559 17.992 254.9 15.3
20150503.115959 3.879 17.997 255.1 15.2
20150503.125959 4.286 17.590 253.5 15.0
20150503.135959 4.786 17.109 251.3 14.9
20150503.145959 5.263 16.251 249.7 14.9
20150503.155959 5.514 15.148 248.9 14.9
20150503.165959 5.609 15.141 248.6 15.1
20150503.175959 5.635 15.262 248.2 15.3
20150503.185959 5.572 15.479 248.0 15.7
20150503.195959 5.485 16.228 247.9 16.0
20150503.205959 5.401 16.239 247.6 16.4
20150503.215959 5.339 16.239 247.1 16.7
20150503.225959 5.248 16.239 246.8 17.0
20150503.235959 5.132 16.239 246.7 17.4
20150504.005959 5.034 16.492 246.5 17.7
20150504.015959 4.920 16.495 246.5 17.7
20150504.025959 4.811 16.245 246.4 17.7
20150504.035959 4.720 16.239 246.1 17.8
20150504.045959 4.635 16.239 245.9 17.7
20150504.055959 4.563 16.239 245.6 17.5
20150504.065959 4.497 16.239 245.2 17.4
20150504.075959 4.419 16.239 244.8 17.3
20150504.085959 4.319 15.850 244.6 17.3
20150504.095959 4.216 15.843 244.4 17.3
20150504.105959 4.110 15.843 244.0 17.3
20150504.115959 4.005 15.484 243.6 17.5
20150504.125959 3.907 15.268 243.2 17.6
20150504.135959 3.803 15.265 243.0 17.6
20150504.145959 3.708 15.143 242.9 17.5
20150504.155959 3.610 15.141 242.9 17.3
20150504.165959 3.518 15.141 243.0 16.9
20150504.175959 3.429 15.141 243.1 16.5
20150504.185959 3.350 15.021 243.1 16.2
20150504.195959 3.275 15.018 243.1 16.0
20150504.205959 3.204 15.018 243.0 15.8
20150504.215959 3.135 15.018 242.9 15.6
20150504.225959 3.063 15.018 243.0 15.1
20150504.235959 2.989 14.816 243.1 14.7
20150505.005959 2.922 14.812 243.0 14.5
20150505.015959 2.857 14.812 242.9 14.3
20150505.025959 2.792 14.498 242.8 14.0
20150505.035959 2.731 14.173 242.6 13.8
20150505.045959 2.675 14.168 242.4 13.6
20150505.055959 2.623 13.957 242.1 13.5
20150505.065959 2.576 13.833 241.7 13.4
20150505.075959 2.529 13.831 241.3 13.4
20150505.085959 2.491 13.741 240.7 13.4
20150505.095959 2.452 13.739 240.1 13.6
20150505.105959 2.415 13.739 239.6 13.6
20150505.115959 2.378 13.739 239.2 13.6
20150505.125959 2.342 13.618 238.7 13.7
20150505.135959 2.307 13.616 238.2 13.8
20150505.145959 2.272 13.616 237.6 14.1
20150505.155959 2.234 13.415 236.9 14.7
20150505.165959 2.202 13.411 235.9 15.7
20150505.175959 2.170 13.137 234.7 17.1
20150505.185959 2.138 12.878 233.4 18.8
20150505.195959 2.107 12.705 232.5 20.2
20150505.205959 2.070 12.602 232.1 20.6
20150505.215959 2.025 12.600 232.2 20.0
20150505.225959 1.981 12.525 232.8 18.2
20150505.235959 1.940 12.523 233.4 16.5
