TPAR
20150503.005959 2.166 12.287 234.8 12.7
20150503.015959 2.199 12.284 235.4 12.6
20150503.025959 2.256 12.284 236.3 12.8
20150503.035959 2.340 12.284 237.5 13.5
20150503.045959 2.454 12.284 238.6 14.1
20150503.055959 2.591 12.429 239.4 14.5
20150503.065959 2.754 12.865 240.0 14.9
20150503.075959 2.993 15.136 240.7 15.2
20150503.085959 3.292 17.095 241.3 15.2
20150503.095959 3.597 17.988 241.1 14.7
20150503.105959 3.854 18.216 241.2 14.5
20150503.115959 4.116 18.001 241.7 14.4
20150503.125959 4.396 17.997 241.8 14.2
20150503.135959 4.796 17.997 241.4 13.8
20150503.145959 5.308 17.590 240.0 13.6
20150503.155959 5.737 17.109 238.6 13.4
20150503.165959 5.967 16.709 237.7 13.3
20150503.175959 6.087 16.643 237.0 13.2
20150503.185959 6.110 16.642 236.6 13.2
20150503.195959 6.072 16.642 236.4 13.2
20150503.205959 6.027 16.642 236.2 13.1
20150503.215959 5.990 16.498 236.0 13.0
20150503.225959 5.916 16.495 235.6 13.0
20150503.235959 5.828 16.495 235.3 12.9
20150504.005959 5.756 16.495 235.1 12.9
20150504.015959 5.678 16.495 234.8 12.8
20150504.025959 5.591 16.495 234.5 12.8
20150504.035959 5.500 16.495 234.3 12.7
20150504.045959 5.408 16.495 234.1 12.6
20150504.055959 5.317 16.495 233.9 12.5
20150504.065959 5.231 16.495 233.7 12.3
20150504.075959 5.145 16.245 233.5 12.2
20150504.085959 5.065 16.239 233.1 12.3
20150504.095959 4.973 16.239 232.7 12.3
20150504.105959 4.862 15.850 232.3 12.4
20150504.115959 4.749 15.843 232.0 12.4
20150504.125959 4.634 15.484 231.8 12.5
20150504.135959 4.526 15.478 231.4 12.6
20150504.145959 4.423 15.268 231.1 12.8
20150504.155959 4.319 15.265 230.8 12.8
20150504.165959 4.227 15.143 230.6 12.8
20150504.175959 4.129 15.141 230.5 12.7
20150504.185959 4.037 15.141 230.6 12.4
20150504.195959 3.950 15.141 230.5 12.2
20150504.205959 3.868 15.141 230.5 12.1
20150504.215959 3.790 15.021 230.4 11.9
20150504.225959 3.709 15.018 230.4 11.7
20150504.235959 3.629 15.018 230.5 11.5
20150505.005959 3.551 15.018 230.5 11.4
20150505.015959 3.469 14.816 230.4 11.2
20150505.025959 3.393 14.812 230.4 11.1
20150505.035959 3.314 14.498 230.3 10.9
20150505.045959 3.242 14.492 230.1 10.8
20150505.055959 3.172 14.173 229.9 10.7
20150505.065959 3.110 13.957 229.7 10.7
20150505.075959 3.055 13.833 229.4 10.6
20150505.085959 3.002 13.831 229.1 10.7
20150505.095959 2.952 13.831 228.7 10.7
20150505.105959 2.911 13.741 228.3 10.8
20150505.115959 2.864 13.739 228.0 10.8
20150505.125959 2.820 13.739 227.7 10.9
20150505.135959 2.775 13.739 227.4 10.9
20150505.145959 2.728 13.619 227.2 11.0
20150505.155959 2.680 13.616 226.9 11.2
20150505.165959 2.631 13.616 226.6 11.5
20150505.175959 2.577 13.415 226.2 11.9
20150505.185959 2.525 13.137 225.7 12.4
20150505.195959 2.477 13.132 225.1 13.1
20150505.205959 2.428 12.877 224.6 13.8
20150505.215959 2.382 12.705 224.1 14.4
20150505.225959 2.333 12.602 224.0 14.2
20150505.235959 2.284 12.600 224.1 13.7
