TPAR
20150503.005959 2.156 12.284 237.0 12.8
20150503.015959 2.194 12.284 237.7 12.8
20150503.025959 2.255 12.284 238.7 13.1
20150503.035959 2.345 12.284 240.0 13.7
20150503.045959 2.458 12.284 241.1 14.4
20150503.055959 2.599 12.425 242.1 14.9
20150503.065959 2.773 12.698 242.9 15.3
20150503.075959 3.022 14.802 243.6 15.3
20150503.085959 3.318 16.635 243.9 15.0
20150503.095959 3.577 17.568 243.9 14.8
20150503.105959 3.827 17.992 244.3 14.7
20150503.115959 4.091 17.997 244.9 14.6
20150503.125959 4.408 17.997 244.9 14.3
20150503.135959 4.855 17.590 243.9 14.0
20150503.145959 5.385 17.109 242.2 13.9
20150503.155959 5.797 16.646 240.8 13.8
20150503.165959 5.985 16.498 240.0 13.8
20150503.175959 6.077 16.495 239.4 13.7
20150503.185959 6.080 16.495 239.1 13.8
20150503.195959 6.028 16.495 239.0 13.7
20150503.205959 5.971 16.495 238.8 13.7
20150503.215959 5.917 16.495 238.4 13.7
20150503.225959 5.832 16.495 238.1 13.7
20150503.235959 5.735 16.495 237.8 13.7
20150504.005959 5.655 16.495 237.5 13.8
20150504.015959 5.567 16.495 237.2 13.7
20150504.025959 5.472 16.495 237.1 13.6
20150504.035959 5.378 16.495 236.8 13.6
20150504.045959 5.283 16.495 236.6 13.5
20150504.055959 5.184 16.245 236.5 13.3
20150504.065959 5.099 16.239 236.3 13.1
20150504.075959 5.023 16.239 235.9 13.1
20150504.085959 4.940 16.239 235.5 13.1
20150504.095959 4.843 16.224 235.1 13.1
20150504.105959 4.730 15.850 234.7 13.1
20150504.115959 4.615 15.843 234.4 13.1
20150504.125959 4.501 15.484 234.1 13.2
20150504.135959 4.398 15.268 233.7 13.4
20150504.145959 4.291 15.265 233.4 13.5
20150504.155959 4.194 15.143 233.3 13.4
20150504.165959 4.092 15.141 233.2 13.3
20150504.175959 3.995 15.141 233.2 13.0
20150504.185959 3.904 15.141 233.2 12.8
20150504.195959 3.819 15.141 233.2 12.6
20150504.205959 3.740 15.021 233.1 12.5
20150504.215959 3.662 15.018 233.0 12.4
20150504.225959 3.582 15.018 233.1 12.1
20150504.235959 3.504 15.018 233.1 11.9
20150505.005959 3.424 14.816 233.1 11.7
20150505.015959 3.349 14.812 233.1 11.6
20150505.025959 3.277 14.803 233.0 11.4
20150505.035959 3.203 14.498 232.9 11.3
20150505.045959 3.133 14.173 232.7 11.1
20150505.055959 3.071 13.957 232.5 11.1
20150505.065959 3.009 13.954 232.2 11.0
20150505.075959 2.957 13.833 231.8 10.9
20150505.085959 2.907 13.831 231.4 11.0
20150505.095959 2.865 13.741 230.9 11.1
20150505.105959 2.820 13.739 230.5 11.1
20150505.115959 2.777 13.739 230.2 11.2
20150505.125959 2.734 13.739 229.9 11.2
20150505.135959 2.692 13.618 229.6 11.3
20150505.145959 2.648 13.616 229.3 11.4
20150505.155959 2.604 13.616 228.9 11.6
20150505.165959 2.553 13.415 228.5 11.9
20150505.175959 2.508 13.411 227.9 12.5
20150505.185959 2.462 13.137 227.2 13.3
20150505.195959 2.417 12.878 226.5 14.3
20150505.205959 2.374 12.705 225.9 15.1
20150505.215959 2.328 12.702 225.5 15.6
20150505.225959 2.280 12.602 225.6 15.0
20150505.235959 2.231 12.600 225.9 14.1
