TPAR
20150503.005959 2.010 12.284 242.8 13.5
20150503.015959 2.048 12.284 243.5 13.3
20150503.025959 2.111 12.275 244.6 13.6
20150503.035959 2.201 12.073 246.0 14.1
20150503.045959 2.322 12.281 247.4 14.7
20150503.055959 2.470 12.284 248.5 15.2
20150503.065959 2.662 12.597 249.5 15.6
20150503.075959 2.906 13.948 250.1 15.6
20150503.085959 3.177 16.229 250.3 15.3
20150503.095959 3.392 17.092 250.4 15.2
20150503.105959 3.621 17.988 251.3 15.2
20150503.115959 3.896 17.997 251.9 15.0
20150503.125959 4.264 17.997 251.1 14.7
20150503.135959 4.745 17.115 249.3 14.6
20150503.145959 5.273 16.643 247.3 14.6
20150503.155959 5.586 15.496 246.2 14.6
20150503.165959 5.719 15.267 245.7 14.6
20150503.175959 5.764 15.474 245.3 14.7
20150503.185959 5.742 15.836 245.1 14.9
20150503.195959 5.671 16.234 245.0 15.1
20150503.205959 5.595 16.239 244.7 15.3
20150503.215959 5.536 16.239 244.3 15.5
20150503.225959 5.444 16.239 244.1 15.7
20150503.235959 5.333 16.239 243.9 15.8
20150504.005959 5.240 16.239 243.5 16.1
20150504.015959 5.138 16.239 243.4 16.1
20150504.025959 5.037 16.239 243.3 16.1
20150504.035959 4.943 16.239 243.0 16.1
20150504.045959 4.850 16.239 242.8 16.1
20150504.055959 4.764 16.239 242.6 15.9
20150504.065959 4.689 16.239 242.3 15.7
20150504.075959 4.614 16.239 241.9 15.7
20150504.085959 4.518 15.850 241.5 15.7
20150504.095959 4.414 15.843 241.2 15.7
20150504.105959 4.306 15.843 240.9 15.7
20150504.115959 4.195 15.484 240.6 15.8
20150504.125959 4.092 15.268 240.2 16.0
20150504.135959 3.986 15.265 239.8 16.1
20150504.145959 3.890 15.143 239.6 16.2
20150504.155959 3.787 15.141 239.5 16.0
20150504.165959 3.691 15.141 239.5 15.8
20150504.175959 3.597 15.141 239.6 15.4
20150504.185959 3.513 15.021 239.7 15.0
20150504.195959 3.432 15.018 239.7 14.7
20150504.205959 3.356 15.018 239.6 14.6
20150504.215959 3.284 15.018 239.6 14.4
20150504.225959 3.210 15.018 239.6 14.0
20150504.235959 3.133 14.816 239.7 13.6
20150505.005959 3.065 14.812 239.7 13.4
20150505.015959 2.997 14.812 239.6 13.2
20150505.025959 2.927 14.498 239.5 13.0
20150505.035959 2.864 14.173 239.4 12.8
20150505.045959 2.805 14.168 239.1 12.6
20150505.055959 2.750 13.957 238.9 12.4
20150505.065959 2.699 13.833 238.5 12.3
20150505.075959 2.650 13.831 238.1 12.3
20150505.085959 2.609 13.741 237.6 12.4
20150505.095959 2.568 13.739 237.0 12.5
20150505.105959 2.528 13.739 236.6 12.5
20150505.115959 2.487 13.739 236.2 12.6
20150505.125959 2.450 13.618 235.7 12.6
20150505.135959 2.413 13.616 235.3 12.8
20150505.145959 2.376 13.616 234.8 12.9
20150505.155959 2.335 13.415 234.3 13.3
20150505.165959 2.299 13.411 233.5 14.1
20150505.175959 2.263 13.137 232.5 15.2
20150505.185959 2.228 12.878 231.5 16.5
20150505.195959 2.193 12.873 230.5 17.8
20150505.205959 2.155 12.705 229.9 18.5
20150505.215959 2.113 12.602 229.8 18.4
20150505.225959 2.066 12.600 230.2 17.1
20150505.235959 2.024 12.525 230.6 15.8
