TPAR
20150503.005959 2.196 12.431 234.7 13.2
20150503.015959 2.224 12.287 235.3 13.1
20150503.025959 2.275 12.284 236.1 13.2
20150503.035959 2.355 12.284 237.2 13.6
20150503.045959 2.465 12.284 238.3 14.1
20150503.055959 2.609 12.429 239.1 14.5
20150503.065959 2.775 13.112 239.7 14.7
20150503.075959 3.013 15.260 240.4 15.0
20150503.085959 3.326 17.572 241.1 15.0
20150503.095959 3.651 18.214 240.9 14.6
20150503.105959 3.935 18.218 240.8 14.3
20150503.115959 4.214 18.218 241.2 14.2
20150503.125959 4.488 18.001 241.4 14.0
20150503.135959 4.854 17.997 241.1 13.7
20150503.145959 5.340 17.590 239.9 13.5
20150503.155959 5.786 17.109 238.6 13.4
20150503.165959 6.041 16.804 237.6 13.4
20150503.175959 6.189 16.644 236.9 13.3
20150503.185959 6.230 16.642 236.5 13.3
20150503.195959 6.206 16.642 236.4 13.3
20150503.205959 6.172 16.642 236.3 13.2
20150503.215959 6.139 16.642 236.0 13.2
20150503.225959 6.082 16.498 235.7 13.1
20150503.235959 6.007 16.495 235.5 13.1
20150504.005959 5.945 16.495 235.2 13.0
20150504.015959 5.875 16.495 235.0 13.0
20150504.025959 5.795 16.495 234.8 12.9
20150504.035959 5.705 16.495 234.6 12.9
20150504.045959 5.615 16.495 234.3 12.8
20150504.055959 5.522 16.495 234.2 12.8
20150504.065959 5.430 16.495 234.0 12.6
20150504.075959 5.345 16.495 233.7 12.5
20150504.085959 5.254 16.245 233.4 12.5
20150504.095959 5.162 16.239 232.9 12.6
20150504.105959 5.059 16.239 232.6 12.6
20150504.115959 4.937 15.850 232.3 12.6
20150504.125959 4.820 15.843 232.0 12.7
20150504.135959 4.704 15.484 231.6 12.8
20150504.145959 4.597 15.268 231.3 13.0
20150504.155959 4.489 15.265 231.0 13.1
20150504.165959 4.384 15.265 230.8 13.1
20150504.175959 4.291 15.143 230.7 12.9
20150504.185959 4.195 15.141 230.7 12.6
20150504.195959 4.104 15.141 230.7 12.5
20150504.205959 4.018 15.141 230.6 12.3
20150504.215959 3.934 15.141 230.6 12.2
20150504.225959 3.852 15.021 230.6 11.9
20150504.235959 3.769 15.018 230.6 11.7
20150505.005959 3.687 15.018 230.6 11.6
20150505.015959 3.605 15.018 230.5 11.5
20150505.025959 3.519 14.816 230.4 11.4
20150505.035959 3.441 14.812 230.3 11.2
20150505.045959 3.358 14.498 230.1 11.1
20150505.055959 3.284 14.173 229.9 11.1
20150505.065959 3.216 13.957 229.6 11.0
20150505.075959 3.150 13.954 229.3 11.0
20150505.085959 3.097 13.833 229.0 11.0
20150505.095959 3.045 13.831 228.6 11.1
20150505.105959 2.996 13.831 228.2 11.1
20150505.115959 2.951 13.741 227.9 11.2
20150505.125959 2.906 13.739 227.6 11.2
20150505.135959 2.859 13.739 227.3 11.3
20150505.145959 2.810 13.739 227.1 11.4
20150505.155959 2.759 13.619 226.8 11.6
20150505.165959 2.706 13.616 226.5 11.8
20150505.175959 2.649 13.415 226.2 12.0
20150505.185959 2.594 13.411 225.8 12.5
20150505.195959 2.539 13.137 225.3 13.0
20150505.205959 2.485 12.877 224.8 13.6
20150505.215959 2.437 12.705 224.3 14.3
20150505.225959 2.384 12.702 224.1 14.3
20150505.235959 2.335 12.602 224.1 14.1
