TPAR
20150503.005959 2.138 12.284 238.2 12.9
20150503.015959 2.176 12.284 238.9 12.9
20150503.025959 2.238 12.284 239.9 13.2
20150503.035959 2.326 12.275 241.2 13.8
20150503.045959 2.440 12.284 242.4 14.5
20150503.055959 2.578 12.284 243.4 14.9
20150503.065959 2.759 12.692 244.3 15.3
20150503.075959 3.008 14.482 245.1 15.4
20150503.085959 3.304 16.633 245.3 15.1
20150503.095959 3.549 17.568 245.3 14.8
20150503.105959 3.792 17.992 245.8 14.8
20150503.115959 4.057 17.997 246.5 14.7
20150503.125959 4.390 17.997 246.3 14.4
20150503.135959 4.851 17.590 245.1 14.1
20150503.145959 5.380 17.109 243.2 14.1
20150503.155959 5.779 16.640 241.9 14.0
20150503.165959 5.942 16.248 241.2 14.0
20150503.175959 6.021 16.239 240.6 14.0
20150503.185959 6.025 16.483 240.3 14.0
20150503.195959 5.963 16.495 240.2 14.0
20150503.205959 5.901 16.495 240.0 14.0
20150503.215959 5.845 16.495 239.6 14.1
20150503.225959 5.755 16.495 239.3 14.1
20150503.235959 5.655 16.495 239.0 14.2
20150504.005959 5.571 16.495 238.6 14.2
20150504.015959 5.478 16.495 238.4 14.2
20150504.025959 5.380 16.495 238.2 14.2
20150504.035959 5.282 16.495 238.0 14.1
20150504.045959 5.187 16.487 237.8 14.1
20150504.055959 5.088 16.245 237.6 13.9
20150504.065959 5.004 16.239 237.4 13.7
20150504.075959 4.927 16.239 237.0 13.7
20150504.085959 4.842 16.239 236.5 13.7
20150504.095959 4.734 15.850 236.2 13.7
20150504.105959 4.625 15.843 235.8 13.8
20150504.115959 4.511 15.484 235.5 13.8
20150504.125959 4.398 15.478 235.1 13.9
20150504.135959 4.296 15.268 234.7 14.1
20150504.145959 4.189 15.265 234.4 14.2
20150504.155959 4.092 15.143 234.3 14.1
20150504.165959 3.991 15.141 234.2 13.9
20150504.175959 3.893 15.141 234.3 13.6
20150504.185959 3.801 15.141 234.3 13.2
20150504.195959 3.718 15.021 234.3 13.0
20150504.205959 3.638 15.018 234.3 12.8
20150504.215959 3.560 15.018 234.2 12.6
20150504.225959 3.482 15.018 234.3 12.3
20150504.235959 3.405 15.018 234.3 12.1
20150505.005959 3.327 14.816 234.3 11.9
20150505.015959 3.254 14.812 234.3 11.8
20150505.025959 3.180 14.498 234.2 11.6
20150505.035959 3.112 14.492 234.0 11.5
20150505.045959 3.046 14.173 233.9 11.3
20150505.055959 2.985 13.957 233.6 11.2
20150505.065959 2.926 13.954 233.3 11.1
20150505.075959 2.877 13.833 232.9 11.1
20150505.085959 2.827 13.831 232.5 11.2
20150505.095959 2.788 13.741 232.0 11.3
20150505.105959 2.745 13.739 231.6 11.4
20150505.115959 2.702 13.739 231.2 11.4
20150505.125959 2.661 13.739 230.9 11.4
20150505.135959 2.619 13.618 230.6 11.5
20150505.145959 2.578 13.616 230.2 11.6
20150505.155959 2.535 13.616 229.8 11.9
20150505.165959 2.488 13.415 229.3 12.3
20150505.175959 2.444 13.289 228.7 12.9
20150505.185959 2.402 13.135 227.9 13.7
20150505.195959 2.360 12.877 227.1 14.6
20150505.205959 2.318 12.705 226.5 15.3
20150505.215959 2.276 12.602 226.2 15.6
20150505.225959 2.227 12.600 226.4 15.0
20150505.235959 2.183 12.525 226.7 14.1
