TPAR
20150503.005959 2.057 12.284 241.6 13.4
20150503.015959 2.094 12.284 242.3 13.3
20150503.025959 2.154 12.218 243.4 13.6
20150503.035959 2.242 12.071 244.7 14.1
20150503.045959 2.360 12.281 246.0 14.7
20150503.055959 2.500 12.284 247.1 15.2
20150503.065959 2.687 12.521 248.0 15.6
20150503.075959 2.929 13.824 248.8 15.7
20150503.085959 3.202 15.833 249.0 15.4
20150503.095959 3.429 17.092 249.0 15.2
20150503.105959 3.656 17.576 249.8 15.2
20150503.115959 3.927 17.992 250.4 15.1
20150503.125959 4.273 17.881 249.9 14.7
20150503.135959 4.750 17.588 248.2 14.6
20150503.145959 5.290 16.647 246.2 14.5
20150503.155959 5.632 15.496 245.0 14.5
20150503.165959 5.774 15.267 244.5 14.6
20150503.175959 5.832 15.474 244.0 14.6
20150503.185959 5.818 15.836 243.8 14.8
20150503.195959 5.751 16.234 243.7 14.9
20150503.205959 5.680 16.239 243.5 15.0
20150503.215959 5.622 16.239 243.0 15.1
20150503.225959 5.530 16.239 242.8 15.3
20150503.235959 5.420 16.239 242.6 15.4
20150504.005959 5.330 16.239 242.2 15.6
20150504.015959 5.231 16.239 242.0 15.6
20150504.025959 5.130 16.239 241.9 15.6
20150504.035959 5.034 16.239 241.6 15.6
20150504.045959 4.940 16.239 241.4 15.6
20150504.055959 4.851 16.239 241.2 15.3
20150504.065959 4.771 16.239 241.0 15.2
20150504.075959 4.698 16.239 240.5 15.2
20150504.085959 4.604 15.850 240.1 15.2
20150504.095959 4.503 15.843 239.8 15.2
20150504.105959 4.395 15.824 239.4 15.3
20150504.115959 4.281 15.484 239.1 15.3
20150504.125959 4.178 15.268 238.7 15.4
20150504.135959 4.074 15.265 238.3 15.6
20150504.145959 3.976 15.143 238.1 15.8
20150504.155959 3.874 15.141 237.9 15.7
20150504.165959 3.775 15.141 237.9 15.4
20150504.175959 3.680 15.141 238.0 15.1
20150504.185959 3.594 15.021 238.1 14.7
20150504.195959 3.513 15.018 238.1 14.4
20150504.205959 3.436 15.018 238.0 14.3
20150504.215959 3.362 15.018 238.0 14.1
20150504.225959 3.286 15.018 238.0 13.7
20150504.235959 3.209 14.816 238.1 13.4
20150505.005959 3.139 14.812 238.1 13.1
20150505.015959 3.070 14.812 238.0 12.9
20150505.025959 2.999 14.498 237.9 12.7
20150505.035959 2.934 14.173 237.8 12.5
20150505.045959 2.875 14.168 237.6 12.3
20150505.055959 2.817 13.957 237.3 12.1
20150505.065959 2.767 13.833 236.9 12.1
20150505.075959 2.716 13.831 236.5 12.1
20150505.085959 2.671 13.827 236.0 12.1
20150505.095959 2.633 13.741 235.5 12.2
20150505.105959 2.592 13.739 235.0 12.3
20150505.115959 2.551 13.739 234.6 12.4
20150505.125959 2.511 13.618 234.2 12.4
20150505.135959 2.474 13.616 233.8 12.5
20150505.145959 2.435 13.616 233.4 12.7
20150505.155959 2.393 13.415 232.9 13.0
20150505.165959 2.354 13.411 232.2 13.6
20150505.175959 2.315 13.137 231.4 14.5
20150505.185959 2.280 13.038 230.4 15.7
20150505.195959 2.243 12.876 229.4 17.0
20150505.205959 2.205 12.705 228.8 17.8
20150505.215959 2.167 12.602 228.4 18.2
20150505.225959 2.118 12.600 228.8 17.2
20150505.235959 2.073 12.525 229.2 16.0
