TPAR
20150503.005959 1.807 12.284 248.5 12.8
20150503.015959 1.844 12.284 249.1 12.8
20150503.025959 1.912 12.284 250.1 13.1
20150503.035959 2.020 12.284 251.5 13.7
20150503.045959 2.172 12.284 252.8 14.4
20150503.055959 2.358 12.429 253.5 14.7
20150503.065959 2.563 13.398 254.1 15.0
20150503.075959 2.801 15.259 254.8 15.1
20150503.085959 3.033 16.799 255.3 14.8
20150503.095959 3.223 17.984 255.7 14.7
20150503.105959 3.428 17.997 256.6 14.7
20150503.115959 3.743 17.997 256.9 14.5
20150503.125959 4.157 17.888 255.0 14.3
20150503.135959 4.653 17.113 252.9 14.2
20150503.145959 5.129 16.501 251.6 14.2
20150503.155959 5.344 15.493 251.0 14.2
20150503.165959 5.437 15.267 250.6 14.2
20150503.175959 5.447 15.474 250.2 14.5
20150503.185959 5.381 15.836 250.1 14.9
20150503.195959 5.281 16.233 250.0 15.2
20150503.205959 5.184 16.432 250.0 15.5
20150503.215959 5.117 16.494 249.6 15.9
20150503.225959 5.027 16.495 249.5 16.1
20150503.235959 4.903 16.495 249.7 16.2
20150504.005959 4.787 16.495 249.8 16.3
20150504.015959 4.676 16.495 249.9 16.2
20150504.025959 4.580 16.495 249.7 16.2
20150504.035959 4.499 16.495 249.4 16.3
20150504.045959 4.423 16.245 249.1 16.2
20150504.055959 4.363 16.239 248.7 16.1
20150504.065959 4.307 16.239 248.2 16.1
20150504.075959 4.237 16.239 247.9 16.0
20150504.085959 4.145 16.239 247.7 15.9
20150504.095959 4.037 15.850 247.6 15.8
20150504.105959 3.936 15.843 247.4 15.9
20150504.115959 3.836 15.484 247.0 16.0
20150504.125959 3.738 15.478 246.7 16.1
20150504.135959 3.643 15.268 246.5 16.0
20150504.145959 3.546 15.265 246.4 15.8
20150504.155959 3.460 15.143 246.5 15.6
20150504.165959 3.372 15.141 246.5 15.2
20150504.175959 3.291 15.141 246.6 14.8
20150504.185959 3.215 15.141 246.6 14.6
20150504.195959 3.145 15.021 246.5 14.4
20150504.205959 3.079 15.018 246.4 14.3
20150504.215959 3.012 15.018 246.3 14.1
20150504.225959 2.945 15.018 246.4 13.7
20150504.235959 2.878 15.018 246.4 13.4
20150505.005959 2.811 14.816 246.3 13.2
20150505.015959 2.749 14.812 246.2 13.0
20150505.025959 2.685 14.498 246.1 12.8
20150505.035959 2.626 14.173 245.9 12.6
20150505.045959 2.574 14.168 245.7 12.5
20150505.055959 2.525 13.957 245.4 12.5
20150505.065959 2.481 13.833 245.0 12.4
20150505.075959 2.436 13.831 244.6 12.4
20150505.085959 2.398 13.741 244.1 12.5
20150505.095959 2.359 13.739 243.6 12.5
20150505.105959 2.320 13.739 243.2 12.5
20150505.115959 2.283 13.739 242.8 12.5
20150505.125959 2.247 13.618 242.3 12.6
20150505.135959 2.212 13.616 241.9 12.7
20150505.145959 2.177 13.616 241.3 13.1
20150505.155959 2.140 13.415 240.4 13.8
20150505.165959 2.105 13.137 239.4 14.9
20150505.175959 2.071 13.132 238.4 16.1
20150505.185959 2.034 12.877 237.6 17.2
20150505.195959 1.994 12.705 237.1 17.7
20150505.205959 1.955 12.602 237.0 17.4
20150505.215959 1.912 12.600 237.2 16.4
20150505.225959 1.876 12.525 237.6 14.9
20150505.235959 1.839 12.523 237.8 13.8
