TPAR
20150503.005959 1.359 12.431 258.7 8.9
20150503.015959 1.378 12.431 258.7 8.8
20150503.025959 1.412 12.431 258.9 8.9
20150503.035959 1.486 12.431 259.6 9.3
20150503.045959 1.618 12.431 260.5 10.1
20150503.055959 1.776 12.522 261.1 10.7
20150503.065959 1.937 13.121 261.5 10.9
20150503.075959 2.114 15.246 261.8 10.9
20150503.085959 2.290 17.094 262.1 10.7
20150503.095959 2.450 17.988 262.3 10.5
20150503.105959 2.594 17.997 262.8 10.3
20150503.115959 2.792 17.997 263.1 10.1
20150503.125959 3.074 17.997 262.2 10.0
20150503.135959 3.424 17.590 260.8 9.9
20150503.145959 3.755 17.109 260.0 9.8
20150503.155959 3.956 16.811 259.8 9.7
20150503.165959 4.051 16.782 259.9 9.7
20150503.175959 4.085 16.644 260.0 9.7
20150503.185959 4.066 16.642 260.2 9.7
20150503.195959 4.017 16.642 260.6 9.7
20150503.205959 3.955 16.642 261.0 9.6
20150503.215959 3.902 16.642 261.3 9.5
20150503.225959 3.858 16.504 261.5 9.3
20150503.235959 3.804 16.495 261.8 9.1
20150504.005959 3.749 16.495 261.9 9.0
20150504.015959 3.689 16.495 262.0 9.0
20150504.025959 3.632 16.495 261.9 8.9
20150504.035959 3.576 16.495 261.7 8.9
20150504.045959 3.525 16.495 261.5 9.0
20150504.055959 3.478 16.495 261.2 9.0
20150504.065959 3.432 16.495 260.9 9.0
20150504.075959 3.379 16.495 260.7 9.0
20150504.085959 3.309 16.245 260.5 9.0
20150504.095959 3.233 16.239 260.5 8.9
20150504.105959 3.151 16.239 260.4 8.8
20150504.115959 3.063 15.850 260.2 8.8
20150504.125959 2.979 15.843 260.0 8.8
20150504.135959 2.896 15.484 259.8 8.8
20150504.145959 2.820 15.268 259.6 8.8
20150504.155959 2.747 15.265 259.5 8.8
20150504.165959 2.682 15.143 259.4 8.8
20150504.175959 2.618 15.141 259.2 8.7
20150504.185959 2.556 15.141 259.1 8.7
20150504.195959 2.499 15.141 259.0 8.7
20150504.205959 2.441 15.141 258.9 8.6
20150504.215959 2.386 15.141 258.8 8.6
20150504.225959 2.332 15.021 258.7 8.6
20150504.235959 2.278 15.018 258.6 8.6
20150505.005959 2.223 15.018 258.4 8.6
20150505.015959 2.163 14.816 258.3 8.6
20150505.025959 2.112 14.812 258.2 8.6
20150505.035959 2.059 14.498 258.0 8.6
20150505.045959 2.007 14.182 257.9 8.7
20150505.055959 1.962 14.168 257.7 8.7
20150505.065959 1.918 13.957 257.5 8.8
20150505.075959 1.877 13.833 257.2 8.8
20150505.085959 1.840 13.831 257.0 8.8
20150505.095959 1.803 13.831 256.7 8.8
20150505.105959 1.771 13.741 256.5 8.8
20150505.115959 1.738 13.739 256.3 8.7
20150505.125959 1.703 13.739 256.0 8.7
20150505.135959 1.671 13.739 255.8 8.7
20150505.145959 1.637 13.619 255.5 8.7
20150505.155959 1.602 13.616 255.2 8.7
20150505.165959 1.563 13.415 255.0 8.7
20150505.175959 1.526 13.411 254.6 8.7
20150505.185959 1.487 13.137 254.3 8.7
20150505.195959 1.450 12.877 254.0 8.7
20150505.205959 1.418 12.705 253.7 8.6
20150505.215959 1.385 12.702 253.5 8.6
20150505.225959 1.360 12.602 253.3 8.5
20150505.235959 1.334 12.600 253.1 8.5
