TPAR
20150503.005959 1.925 12.284 246.3 14.1
20150503.015959 1.965 12.284 247.1 14.0
20150503.025959 2.033 12.284 248.2 14.2
20150503.035959 2.129 12.284 249.6 14.7
20150503.045959 2.257 12.284 251.0 15.2
20150503.055959 2.425 12.429 251.9 15.7
20150503.065959 2.627 12.698 252.7 16.0
20150503.075959 2.877 14.482 253.3 15.9
20150503.085959 3.133 16.486 253.5 15.7
20150503.095959 3.317 17.565 253.8 15.5
20150503.105959 3.540 17.992 254.8 15.4
20150503.115959 3.846 17.997 255.2 15.3
20150503.125959 4.248 17.590 253.6 15.1
20150503.135959 4.756 16.808 251.4 15.0
20150503.145959 5.232 15.861 249.7 15.0
20150503.155959 5.504 15.025 248.9 15.1
20150503.165959 5.601 15.018 248.6 15.2
20150503.175959 5.636 15.139 248.2 15.4
20150503.185959 5.567 15.471 248.0 15.8
20150503.195959 5.475 15.836 247.9 16.1
20150503.205959 5.400 16.233 247.7 16.5
20150503.215959 5.337 16.239 247.2 16.8
20150503.225959 5.242 16.239 246.9 17.1
20150503.235959 5.125 16.239 246.8 17.5
20150504.005959 5.022 16.239 246.5 17.7
20150504.015959 4.910 16.239 246.5 17.8
20150504.025959 4.807 16.239 246.4 17.8
20150504.035959 4.714 16.239 246.1 17.9
20150504.045959 4.628 16.239 245.9 17.8
20150504.055959 4.554 16.239 245.7 17.6
20150504.065959 4.488 16.239 245.2 17.5
20150504.075959 4.412 16.239 244.9 17.5
20150504.085959 4.314 15.850 244.6 17.5
20150504.095959 4.209 15.843 244.4 17.4
20150504.105959 4.103 15.843 244.1 17.5
20150504.115959 3.999 15.484 243.7 17.6
20150504.125959 3.900 15.268 243.3 17.8
20150504.135959 3.798 15.265 243.0 17.8
20150504.145959 3.703 15.143 242.9 17.8
20150504.155959 3.605 15.141 242.9 17.6
20150504.165959 3.511 15.141 242.9 17.2
20150504.175959 3.422 15.141 243.1 16.8
20150504.185959 3.342 15.021 243.1 16.4
20150504.195959 3.266 15.018 243.1 16.2
20150504.205959 3.196 15.018 243.0 16.0
20150504.215959 3.126 15.018 242.9 15.8
20150504.225959 3.054 15.018 243.0 15.4
20150504.235959 2.981 14.816 243.1 14.9
20150505.005959 2.915 14.812 243.1 14.7
20150505.015959 2.851 14.812 243.0 14.5
20150505.025959 2.785 14.498 242.9 14.2
20150505.035959 2.724 14.173 242.7 14.0
20150505.045959 2.669 14.168 242.4 13.7
20150505.055959 2.617 13.957 242.1 13.6
20150505.065959 2.571 13.833 241.8 13.5
20150505.075959 2.524 13.831 241.3 13.5
20150505.085959 2.485 13.741 240.8 13.6
20150505.095959 2.447 13.739 240.2 13.7
20150505.105959 2.409 13.739 239.7 13.7
20150505.115959 2.372 13.739 239.2 13.8
20150505.125959 2.336 13.618 238.8 13.8
20150505.135959 2.301 13.616 238.3 14.0
20150505.145959 2.268 13.616 237.7 14.2
20150505.155959 2.230 13.415 237.0 14.7
20150505.165959 2.197 13.411 236.0 15.7
20150505.175959 2.166 13.137 234.8 17.1
20150505.185959 2.134 12.878 233.5 18.8
20150505.195959 2.103 12.705 232.5 20.3
20150505.205959 2.068 12.602 232.1 20.9
20150505.215959 2.025 12.600 232.2 20.4
20150505.225959 1.981 12.525 232.7 18.7
20150505.235959 1.938 12.523 233.3 16.9
