TPAR
20150503.005959 2.100 12.284 239.9 13.3
20150503.015959 2.137 12.275 240.7 13.2
20150503.025959 2.197 12.073 241.7 13.5
20150503.035959 2.287 12.069 243.0 14.1
20150503.045959 2.401 12.069 244.3 14.7
20150503.055959 2.543 12.281 245.4 15.3
20150503.065959 2.728 12.521 246.3 15.6
20150503.075959 2.976 13.731 247.2 15.8
20150503.085959 3.246 15.815 247.5 15.4
20150503.095959 3.476 17.073 247.6 15.3
20150503.105959 3.703 17.576 248.3 15.2
20150503.115959 3.970 17.992 249.0 15.1
20150503.125959 4.312 17.590 248.6 14.7
20150503.135959 4.794 17.583 247.0 14.6
20150503.145959 5.343 16.647 245.0 14.5
20150503.155959 5.702 15.855 243.7 14.5
20150503.165959 5.847 15.423 243.2 14.5
20150503.175959 5.913 15.477 242.7 14.5
20150503.185959 5.904 15.836 242.4 14.6
20150503.195959 5.839 16.234 242.3 14.7
20150503.205959 5.769 16.239 242.1 14.7
20150503.215959 5.709 16.239 241.7 14.9
20150503.225959 5.616 16.239 241.5 15.0
20150503.235959 5.509 16.239 241.3 15.1
20150504.005959 5.418 16.239 240.9 15.2
20150504.015959 5.320 16.239 240.7 15.3
20150504.025959 5.219 16.239 240.5 15.2
20150504.035959 5.123 16.239 240.3 15.2
20150504.045959 5.028 16.239 240.1 15.2
20150504.055959 4.938 16.239 239.9 14.9
20150504.065959 4.858 16.239 239.6 14.7
20150504.075959 4.783 16.224 239.2 14.7
20150504.085959 4.691 15.850 238.7 14.8
20150504.095959 4.589 15.843 238.4 14.8
20150504.105959 4.478 15.538 238.0 14.8
20150504.115959 4.368 15.479 237.7 14.9
20150504.125959 4.263 15.268 237.3 15.0
20150504.135959 4.157 15.265 236.9 15.2
20150504.145959 4.061 15.143 236.6 15.4
20150504.155959 3.958 15.141 236.5 15.3
20150504.165959 3.860 15.141 236.4 15.1
20150504.175959 3.764 15.141 236.5 14.7
20150504.185959 3.677 15.021 236.6 14.3
20150504.195959 3.595 15.018 236.6 14.1
20150504.205959 3.517 15.018 236.5 13.9
20150504.215959 3.441 15.018 236.4 13.7
20150504.225959 3.365 15.018 236.5 13.3
20150504.235959 3.287 14.816 236.5 13.0
20150505.005959 3.215 14.812 236.5 12.8
20150505.015959 3.145 14.802 236.5 12.6
20150505.025959 3.073 14.498 236.4 12.4
20150505.035959 3.007 14.173 236.2 12.2
20150505.045959 2.946 14.168 236.0 12.0
20150505.055959 2.888 13.957 235.7 11.9
20150505.065959 2.837 13.833 235.4 11.7
20150505.075959 2.786 13.831 234.9 11.7
20150505.085959 2.744 13.741 234.4 11.8
20150505.095959 2.701 13.739 233.9 11.9
20150505.105959 2.660 13.739 233.5 12.0
20150505.115959 2.619 13.739 233.1 12.0
20150505.125959 2.579 13.618 232.7 12.0
20150505.135959 2.540 13.616 232.4 12.1
20150505.145959 2.501 13.616 231.9 12.2
20150505.155959 2.457 13.415 231.5 12.5
20150505.165959 2.417 13.411 230.9 13.1
20150505.175959 2.376 13.137 230.1 13.9
20150505.185959 2.338 12.877 229.2 14.9
20150505.195959 2.299 12.865 228.3 16.0
20150505.205959 2.261 12.705 227.6 16.8
20150505.215959 2.221 12.602 227.3 17.2
20150505.225959 2.172 12.600 227.5 16.3
20150505.235959 2.130 12.525 227.9 15.2
