TPAR
20150503.005959 1.852 12.284 247.3 13.2
20150503.015959 1.893 12.284 247.9 13.2
20150503.025959 1.962 12.284 249.1 13.6
20150503.035959 2.071 12.284 250.5 14.2
20150503.045959 2.224 12.284 251.7 14.8
20150503.055959 2.409 12.429 252.5 15.1
20150503.065959 2.613 13.120 253.1 15.3
20150503.075959 2.857 15.260 253.8 15.3
20150503.085959 3.090 16.794 254.3 15.2
20150503.095959 3.279 17.762 254.8 15.1
20150503.105959 3.494 17.994 255.7 15.0
20150503.115959 3.823 17.997 255.9 14.7
20150503.125959 4.240 17.590 254.1 14.6
20150503.135959 4.749 17.109 252.0 14.6
20150503.145959 5.216 16.251 250.6 14.5
20150503.155959 5.444 15.273 249.9 14.5
20150503.165959 5.544 15.143 249.5 14.6
20150503.175959 5.551 15.262 249.1 14.9
20150503.185959 5.477 15.831 248.9 15.2
20150503.195959 5.375 16.233 248.8 15.6
20150503.205959 5.276 16.239 248.7 15.9
20150503.215959 5.218 16.492 248.2 16.3
20150503.225959 5.128 16.495 248.0 16.6
20150503.235959 5.004 16.495 248.2 16.8
20150504.005959 4.887 16.495 248.2 16.9
20150504.015959 4.772 16.495 248.3 16.8
20150504.025959 4.675 16.495 248.2 16.8
20150504.035959 4.591 16.495 247.8 16.9
20150504.045959 4.513 16.245 247.5 16.8
20150504.055959 4.451 16.239 247.1 16.7
20150504.065959 4.393 16.239 246.7 16.6
20150504.075959 4.320 16.239 246.3 16.5
20150504.085959 4.225 16.239 246.2 16.4
20150504.095959 4.115 15.850 246.0 16.3
20150504.105959 4.013 15.843 245.8 16.4
20150504.115959 3.911 15.484 245.4 16.6
20150504.125959 3.813 15.478 245.0 16.6
20150504.135959 3.716 15.268 244.8 16.6
20150504.145959 3.618 15.265 244.8 16.4
20150504.155959 3.530 15.143 244.8 16.1
20150504.165959 3.440 15.141 244.8 15.8
20150504.175959 3.357 15.141 244.9 15.4
20150504.185959 3.280 15.141 244.9 15.1
20150504.195959 3.210 15.021 244.8 14.9
20150504.205959 3.141 15.018 244.7 14.7
20150504.215959 3.073 15.018 244.7 14.6
20150504.225959 3.004 15.018 244.7 14.2
20150504.235959 2.933 14.816 244.7 13.9
20150505.005959 2.867 14.812 244.7 13.6
20150505.015959 2.804 14.812 244.6 13.4
20150505.025959 2.740 14.498 244.5 13.2
20150505.035959 2.681 14.173 244.3 13.0
20150505.045959 2.626 14.168 244.0 12.9
20150505.055959 2.576 13.957 243.7 12.8
20150505.065959 2.532 13.833 243.4 12.7
20150505.075959 2.485 13.831 242.9 12.7
20150505.085959 2.447 13.741 242.4 12.7
20150505.095959 2.409 13.739 241.9 12.8
20150505.105959 2.371 13.739 241.5 12.8
20150505.115959 2.334 13.739 241.1 12.8
20150505.125959 2.297 13.618 240.6 12.9
20150505.135959 2.261 13.616 240.1 13.0
20150505.145959 2.225 13.502 239.5 13.4
20150505.155959 2.191 13.413 238.6 14.2
20150505.165959 2.155 13.137 237.6 15.2
20150505.175959 2.122 13.132 236.6 16.5
20150505.185959 2.085 12.877 235.7 17.7
20150505.195959 2.047 12.705 235.1 18.2
20150505.205959 2.006 12.602 235.0 18.0
20150505.215959 1.963 12.600 235.3 17.0
20150505.225959 1.925 12.525 235.7 15.5
20150505.235959 1.888 12.523 236.0 14.3
