TPAR
20150503.005959 2.125 12.431 235.3 12.8
20150503.015959 2.147 12.287 235.8 12.6
20150503.025959 2.195 12.284 236.6 12.6
20150503.035959 2.271 12.284 237.7 13.0
20150503.045959 2.379 12.284 238.8 13.5
20150503.055959 2.517 12.429 239.7 13.9
20150503.065959 2.674 12.865 240.3 14.2
20150503.075959 2.900 15.136 241.0 14.4
20150503.085959 3.186 17.095 241.8 14.5
20150503.095959 3.507 18.212 241.7 14.1
20150503.105959 3.788 18.218 241.6 13.8
20150503.115959 4.056 18.218 241.9 13.7
20150503.125959 4.315 18.218 242.1 13.6
20150503.135959 4.650 18.001 241.8 13.3
20150503.145959 5.120 17.590 240.8 13.1
20150503.155959 5.565 17.109 239.4 13.0
20150503.165959 5.832 16.804 238.5 12.9
20150503.175959 5.987 16.644 237.8 12.9
20150503.185959 6.034 16.642 237.4 12.9
20150503.195959 6.012 16.642 237.3 12.9
20150503.205959 5.982 16.642 237.2 12.8
20150503.215959 5.949 16.642 237.0 12.8
20150503.225959 5.890 16.642 236.8 12.8
20150503.235959 5.823 16.498 236.6 12.7
20150504.005959 5.760 16.495 236.4 12.7
20150504.015959 5.694 16.495 236.2 12.6
20150504.025959 5.620 16.495 236.0 12.6
20150504.035959 5.536 16.495 235.8 12.6
20150504.045959 5.447 16.495 235.6 12.5
20150504.055959 5.358 16.495 235.5 12.4
20150504.065959 5.271 16.495 235.3 12.3
20150504.075959 5.189 16.495 235.1 12.2
20150504.085959 5.103 16.245 234.7 12.2
20150504.095959 5.017 16.239 234.3 12.3
20150504.105959 4.919 16.239 233.9 12.3
20150504.115959 4.801 15.850 233.7 12.4
20150504.125959 4.687 15.843 233.4 12.4
20150504.135959 4.574 15.484 233.1 12.5
20150504.145959 4.466 15.478 232.7 12.7
20150504.155959 4.365 15.268 232.5 12.8
20150504.165959 4.263 15.265 232.3 12.7
20150504.175959 4.173 15.143 232.2 12.6
20150504.185959 4.080 15.141 232.2 12.3
20150504.195959 3.993 15.141 232.2 12.1
20150504.205959 3.909 15.141 232.2 11.9
20150504.215959 3.827 15.141 232.1 11.8
20150504.225959 3.747 15.021 232.1 11.6
20150504.235959 3.667 15.018 232.1 11.4
20150505.005959 3.587 15.018 232.1 11.2
20150505.015959 3.509 15.018 232.0 11.2
20150505.025959 3.427 14.816 231.9 11.0
20150505.035959 3.349 14.812 231.8 10.9
20150505.045959 3.270 14.498 231.6 10.8
20150505.055959 3.196 14.173 231.4 10.8
20150505.065959 3.130 14.168 231.1 10.8
20150505.075959 3.068 13.957 230.8 10.8
20150505.085959 3.017 13.833 230.4 10.8
20150505.095959 2.966 13.831 230.0 10.9
20150505.105959 2.919 13.831 229.7 10.9
20150505.115959 2.875 13.741 229.4 11.0
20150505.125959 2.828 13.739 229.1 11.0
20150505.135959 2.783 13.739 228.9 11.1
20150505.145959 2.736 13.739 228.6 11.2
20150505.155959 2.684 13.619 228.4 11.3
20150505.165959 2.633 13.616 228.1 11.4
20150505.175959 2.580 13.616 227.8 11.6
20150505.185959 2.524 13.415 227.5 11.9
20150505.195959 2.469 13.137 227.0 12.4
20150505.205959 2.416 12.877 226.6 12.9
20150505.215959 2.365 12.873 226.1 13.4
20150505.225959 2.314 12.705 225.9 13.4
20150505.235959 2.269 12.602 225.9 13.3
