TPAR
20150503.005959 1.414 12.431 258.3 10.0
20150503.015959 1.433 12.431 258.5 9.9
20150503.025959 1.472 12.431 258.8 10.1
20150503.035959 1.560 12.431 259.8 10.8
20150503.045959 1.701 12.431 260.9 11.7
20150503.055959 1.863 12.522 261.5 12.4
20150503.065959 2.033 13.223 261.9 12.7
20150503.075959 2.218 15.260 262.3 12.7
20150503.085959 2.399 17.094 262.6 12.5
20150503.095959 2.560 17.988 262.9 12.2
20150503.105959 2.705 18.216 263.5 12.0
20150503.115959 2.911 18.001 263.8 11.7
20150503.125959 3.206 17.997 262.6 11.5
20150503.135959 3.572 17.590 260.9 11.4
20150503.145959 3.912 17.109 259.8 11.2
20150503.155959 4.101 16.804 259.6 11.1
20150503.165959 4.194 16.644 259.7 11.1
20150503.175959 4.221 16.642 259.7 11.2
20150503.185959 4.202 16.556 260.0 11.2
20150503.195959 4.149 16.502 260.4 11.2
20150503.205959 4.081 16.501 260.8 11.2
20150503.215959 4.023 16.497 261.1 11.0
20150503.225959 3.965 16.495 261.4 10.8
20150503.235959 3.903 16.495 261.8 10.5
20150504.005959 3.839 16.495 262.0 10.4
20150504.015959 3.774 16.495 262.0 10.3
20150504.025959 3.711 16.495 261.9 10.3
20150504.035959 3.654 16.495 261.6 10.4
20150504.045959 3.601 16.495 261.2 10.5
20150504.055959 3.556 16.495 260.8 10.7
20150504.065959 3.510 16.495 260.4 10.8
20150504.075959 3.455 16.495 260.1 10.8
20150504.085959 3.382 16.245 260.0 10.6
20150504.095959 3.302 16.239 260.0 10.5
20150504.105959 3.217 16.239 260.0 10.4
20150504.115959 3.126 15.850 259.8 10.4
20150504.125959 3.042 15.843 259.5 10.5
20150504.135959 2.958 15.484 259.3 10.5
20150504.145959 2.883 15.268 259.1 10.4
20150504.155959 2.809 15.265 259.0 10.3
20150504.165959 2.744 15.143 258.9 10.3
20150504.175959 2.679 15.141 258.8 10.2
20150504.185959 2.617 15.141 258.7 10.1
20150504.195959 2.558 15.141 258.6 10.1
20150504.205959 2.501 15.141 258.5 10.1
20150504.215959 2.446 15.021 258.3 10.1
20150504.225959 2.390 15.018 258.2 10.0
20150504.235959 2.336 15.018 258.2 9.9
20150505.005959 2.281 15.018 258.1 9.9
20150505.015959 2.223 14.816 257.9 9.9
20150505.025959 2.171 14.812 257.8 9.9
20150505.035959 2.118 14.498 257.6 9.9
20150505.045959 2.066 14.173 257.4 9.9
20150505.055959 2.020 14.168 257.2 9.9
20150505.065959 1.978 13.957 256.9 10.0
20150505.075959 1.937 13.833 256.6 10.1
20150505.085959 1.900 13.831 256.2 10.1
20150505.095959 1.864 13.831 255.9 10.1
20150505.105959 1.833 13.741 255.7 10.0
20150505.115959 1.798 13.739 255.4 10.0
20150505.125959 1.767 13.739 255.1 9.9
20150505.135959 1.734 13.739 254.8 10.0
20150505.145959 1.701 13.619 254.4 10.1
20150505.155959 1.668 13.616 254.0 10.3
20150505.165959 1.630 13.415 253.6 10.7
20150505.175959 1.596 13.411 253.1 11.1
20150505.185959 1.559 13.137 252.6 11.5
20150505.195959 1.521 12.877 252.3 11.5
20150505.205959 1.487 12.705 252.1 11.1
20150505.215959 1.454 12.702 252.0 10.7
20150505.225959 1.425 12.602 251.9 10.2
20150505.235959 1.398 12.600 251.8 9.8
