TPAR
20150503.005959 1.925 12.284 246.0 14.1
20150503.015959 1.965 12.284 246.8 13.9
20150503.025959 2.031 12.284 248.0 14.1
20150503.035959 2.125 12.284 249.4 14.6
20150503.045959 2.251 12.284 250.7 15.2
20150503.055959 2.416 12.429 251.8 15.7
20150503.065959 2.616 12.698 252.6 16.0
20150503.075959 2.862 14.160 253.1 15.9
20150503.085959 3.121 16.487 253.3 15.7
20150503.095959 3.309 17.566 253.6 15.5
20150503.105959 3.532 17.992 254.5 15.4
20150503.115959 3.831 17.997 254.9 15.3
20150503.125959 4.229 17.590 253.5 15.1
20150503.135959 4.733 16.986 251.3 15.0
20150503.145959 5.219 15.861 249.6 15.0
20150503.155959 5.500 15.025 248.7 15.0
20150503.165959 5.598 15.018 248.4 15.2
20150503.175959 5.634 15.139 248.0 15.4
20150503.185959 5.567 15.471 247.8 15.7
20150503.195959 5.477 15.836 247.7 16.1
20150503.205959 5.403 16.233 247.5 16.4
20150503.215959 5.339 16.239 247.0 16.7
20150503.225959 5.243 16.239 246.7 17.1
20150503.235959 5.127 16.239 246.6 17.4
20150504.005959 5.026 16.239 246.3 17.6
20150504.015959 4.914 16.239 246.3 17.7
20150504.025959 4.810 16.239 246.2 17.7
20150504.035959 4.718 16.239 245.9 17.8
20150504.045959 4.631 16.239 245.7 17.7
20150504.055959 4.554 16.239 245.4 17.5
20150504.065959 4.486 16.239 245.0 17.4
20150504.075959 4.412 16.239 244.6 17.4
20150504.085959 4.314 15.850 244.3 17.4
20150504.095959 4.209 15.843 244.1 17.3
20150504.105959 4.104 15.843 243.8 17.4
20150504.115959 3.997 15.484 243.4 17.5
20150504.125959 3.899 15.268 243.0 17.7
20150504.135959 3.797 15.265 242.8 17.7
20150504.145959 3.702 15.143 242.6 17.7
20150504.155959 3.603 15.141 242.6 17.5
20150504.165959 3.509 15.141 242.7 17.2
20150504.175959 3.420 15.141 242.8 16.7
20150504.185959 3.340 15.021 242.9 16.4
20150504.195959 3.264 15.018 242.8 16.1
20150504.205959 3.192 15.018 242.8 15.9
20150504.215959 3.122 15.018 242.7 15.7
20150504.225959 3.051 15.018 242.8 15.3
20150504.235959 2.979 14.816 242.8 14.9
20150505.005959 2.911 14.812 242.8 14.6
20150505.015959 2.847 14.812 242.7 14.4
20150505.025959 2.782 14.498 242.6 14.1
20150505.035959 2.722 14.173 242.4 13.9
20150505.045959 2.667 14.168 242.2 13.7
20150505.055959 2.615 13.957 241.9 13.6
20150505.065959 2.567 13.833 241.6 13.4
20150505.075959 2.520 13.831 241.1 13.4
20150505.085959 2.482 13.741 240.5 13.5
20150505.095959 2.443 13.739 240.0 13.6
20150505.105959 2.405 13.739 239.5 13.7
20150505.115959 2.368 13.739 239.0 13.7
20150505.125959 2.332 13.618 238.6 13.7
20150505.135959 2.297 13.616 238.1 13.9
20150505.145959 2.264 13.616 237.5 14.1
20150505.155959 2.226 13.415 236.8 14.7
20150505.165959 2.195 13.411 235.8 15.6
20150505.175959 2.162 13.137 234.7 17.0
20150505.185959 2.132 12.878 233.4 18.7
20150505.195959 2.101 12.705 232.4 20.2
20150505.205959 2.062 12.702 231.9 20.8
20150505.215959 2.023 12.602 231.9 20.4
20150505.225959 1.980 12.525 232.5 18.8
20150505.235959 1.937 12.523 233.0 17.0
