TPAR
20150503.005959 2.015 12.431 236.7 11.7
20150503.015959 2.033 12.431 237.1 11.5
20150503.025959 2.073 12.287 237.8 11.6
20150503.035959 2.148 12.284 238.9 12.0
20150503.045959 2.255 12.284 240.0 12.7
20150503.055959 2.390 12.429 240.9 13.1
20150503.065959 2.540 12.865 241.5 13.4
20150503.075959 2.750 15.136 242.1 13.7
20150503.085959 3.018 17.095 242.9 13.8
20150503.095959 3.327 18.212 242.8 13.4
20150503.105959 3.602 18.218 242.6 13.2
20150503.115959 3.856 18.218 242.8 13.0
20150503.125959 4.100 18.218 243.0 12.9
20150503.135959 4.411 18.001 242.8 12.7
20150503.145959 4.876 17.997 241.8 12.4
20150503.155959 5.321 17.590 240.5 12.3
20150503.165959 5.577 17.110 239.5 12.2
20150503.175959 5.720 16.805 238.9 12.1
20150503.185959 5.775 16.644 238.6 12.0
20150503.195959 5.758 16.642 238.5 12.0
20150503.205959 5.728 16.642 238.4 11.9
20150503.215959 5.700 16.642 238.2 11.9
20150503.225959 5.643 16.642 238.1 11.8
20150503.235959 5.572 16.642 238.0 11.8
20150504.005959 5.514 16.498 237.9 11.7
20150504.015959 5.451 16.495 237.7 11.6
20150504.025959 5.378 16.495 237.5 11.6
20150504.035959 5.296 16.495 237.4 11.5
20150504.045959 5.212 16.495 237.2 11.5
20150504.055959 5.127 16.495 237.1 11.4
20150504.065959 5.043 16.495 237.0 11.3
20150504.075959 4.966 16.495 236.7 11.2
20150504.085959 4.889 16.495 236.4 11.2
20150504.095959 4.799 16.245 236.0 11.3
20150504.105959 4.703 16.239 235.7 11.4
20150504.115959 4.594 16.239 235.5 11.3
20150504.125959 4.473 15.850 235.3 11.3
20150504.135959 4.360 15.484 235.0 11.4
20150504.145959 4.252 15.478 234.8 11.5
20150504.155959 4.151 15.268 234.5 11.6
20150504.165959 4.051 15.265 234.4 11.5
20150504.175959 3.961 15.143 234.3 11.3
20150504.185959 3.871 15.141 234.3 11.1
20150504.195959 3.786 15.141 234.3 10.9
20150504.205959 3.704 15.141 234.2 10.8
20150504.215959 3.626 15.141 234.2 10.7
20150504.225959 3.549 15.021 234.2 10.5
20150504.235959 3.472 15.018 234.2 10.4
20150505.005959 3.397 15.018 234.1 10.3
20150505.015959 3.321 15.018 234.0 10.2
20150505.025959 3.241 14.816 233.9 10.1
20150505.035959 3.169 14.812 233.8 10.1
20150505.045959 3.093 14.498 233.6 10.0
20150505.055959 3.025 14.492 233.4 10.0
20150505.065959 2.960 14.173 233.1 10.0
20150505.075959 2.900 13.957 232.8 10.0
20150505.085959 2.846 13.954 232.5 10.0
20150505.095959 2.801 13.833 232.1 10.1
20150505.105959 2.754 13.831 231.8 10.2
20150505.115959 2.710 13.741 231.5 10.2
20150505.125959 2.665 13.739 231.3 10.2
20150505.135959 2.620 13.739 231.1 10.3
20150505.145959 2.573 13.739 230.8 10.3
20150505.155959 2.524 13.739 230.6 10.4
20150505.165959 2.474 13.619 230.4 10.5
20150505.175959 2.423 13.616 230.2 10.6
20150505.185959 2.368 13.415 229.9 10.8
20150505.195959 2.317 13.411 229.5 11.2
20150505.205959 2.263 13.137 229.1 11.6
20150505.215959 2.213 12.877 228.7 12.0
20150505.225959 2.163 12.705 228.5 12.0
20150505.235959 2.118 12.633 228.4 11.9
