%
%
% Run:wwm   Table:BUOYS             SWAN version:41.51
%
%       Hsig          Tm01          Tm02          Dspr          Dir           RTpeak        TPsmoo        Dist          Depth         Botlev      X-Windv       Y-Windv         Watlev   
%       [m]           [sec]         [sec]         [degr]        [degr]        [sec]         [sec]         [m]           [m]           [m]           [m/s]         [m/s]         [m]      
%
      0.00511        1.2841        1.0940       31.5042       243.506        1.5772        1.5500            0.        3.1959        2.6959       -3.3609       -6.7407        0.5000 
      0.00515        1.2841        1.0940       31.5043       243.236        1.5772        1.5500           64.        3.5038        3.0038       -3.4150       -6.7691        0.5000 
      0.00515        1.2841        1.0940       31.5043       243.234        1.5772        1.5500          110.        2.1989        1.6989       -3.4182       -6.7746        0.5000 
      0.00518        1.2841        1.0940       31.5045       243.013        1.5772        1.5500          166.        3.1985        2.6985       -3.4617       -6.7957        0.5000 
      0.00390        1.2841        1.0940       31.5038       305.544        1.5772        1.5500        69765.        9.4982        8.9982        3.4207       -4.7872        0.5000 
      0.00391        1.2841        1.0940       31.5041       306.276        1.5772        1.5500        69937.        6.5012        6.0012        3.4936       -4.7591        0.5000 
      0.00391        1.2841        1.0940       31.5038       305.554        1.5772        1.5500        70077.        7.2997        6.7997        3.4343       -4.8044        0.5000 
      0.00164        1.2841        1.0940       31.5048       337.611        1.5772        1.5500       114031.        1.5000        1.0000        2.4840       -1.0229        0.5000 
      0.00164        1.2841        1.0940       31.5048       337.598        1.5772        1.5500       114099.        1.5000        1.0000        2.4772       -1.0208        0.5000 
      0.00165        1.2841        1.0940       31.5049       337.662        1.5772        1.5500       114156.        1.5000        1.0000        2.4901       -1.0228        0.5000 
      0.00232        1.2841        1.0940       31.5039        15.887        1.5772        1.5500       122532.        4.3996        3.8996        3.5385        1.0075        0.5000 
      0.00233        1.2841        1.0940       31.5041        16.242        1.5772        1.5500       122599.        4.7998        4.2998        3.5423        1.0323        0.5000 
      0.00233        1.2841        1.0940       31.5040        16.130        1.5772        1.5500       122657.        4.5000        4.0000        3.5411        1.0244        0.5000 
      1.82894        8.7875        6.8558       19.5920       219.729       20.2338       20.1755            0.        3.1959        2.6959        2.0244       -1.2087        0.5000 
      1.86544        8.9356        6.9863       25.2338       224.342       20.2338       20.1769           64.        3.5038        3.0038        2.0152       -1.2267        0.5000 
      1.60108        8.8425        6.8254       32.5168       236.465       20.2338       20.1837          110.        2.1989        1.6989        2.0306       -1.2187        0.5000 
      1.77751        8.7939        6.8348       25.6527       236.631       20.2338       20.1787          166.        3.1985        2.6985        2.0161       -1.2372        0.5000 
      2.44412        8.9590        6.7416       21.8207       236.176       20.2338       20.2479        69765.        9.4982        8.9982        2.6478       -3.3455        0.5000 
      2.45406        9.2890        7.0343       18.5426       233.774       20.2338       20.2529        69937.        6.5012        6.0012        2.6470       -3.3742        0.5000 
      2.52289        9.2887        7.0193       21.9628       233.337       20.2338       20.2510        70077.        7.2997        6.7997        2.6500       -3.3508        0.5000 
      0.11281        0.8726        0.7526       24.4330       320.642        1.1999        1.1592       114031.        1.5000        1.0000        2.6568       -2.3460        0.5000 
      0.13628        0.8787        0.7583       27.9516       312.595        1.1999        1.1648       114099.        1.5000        1.0000        2.6517       -2.3461        0.5000 
      0.11944        0.8834        0.7619       26.1305       313.376        1.1999        1.1743       114156.        1.5000        1.0000        2.6591       -2.3457        0.5000 
      0.73755        9.2230        4.7791       28.2376       276.982       20.2338       20.1228       122532.        4.3996        3.8996        4.0202       -2.9066        0.5000 
      0.73413        9.1041        4.7129       27.8806       278.461       20.2338       20.1225       122599.        4.7998        4.2998        4.0412       -2.9249        0.5000 
      0.74875        9.2049        4.7765       28.3301       278.802       20.2338       20.1222       122657.        4.5000        4.0000        4.0310       -2.9147        0.5000 
      1.82192        8.5625        6.7291       19.3928       219.204       20.2338       20.1870            0.        3.1959        2.6959        3.6687       -2.0322        0.5000 
      1.85873        8.7133        6.8691       25.0825       223.637       20.2338       20.1878           64.        3.5038        3.0038        3.6806       -2.0312        0.5000 
      1.59074        8.6174        6.7119       32.5098       235.672       20.2338       20.1928          110.        2.1989        1.6989        3.6814       -2.0294        0.5000 
      1.77043        8.5922        6.7420       25.6403       235.863       20.2338       20.1888          166.        3.1985        2.6985        3.6909       -2.0294        0.5000 
      2.49234        8.6547        6.5487       22.1088       234.178       20.2338       20.2249        69765.        9.4982        8.9982        2.9916       -3.6284        0.5000 
      2.49343        8.9919        6.8680       18.7285       232.215       20.2338       20.2302        69937.        6.5012        6.0012        2.9813       -3.6565        0.5000 
      2.56345        8.9839        6.8289       22.1901       231.483       20.2338       20.2285        70077.        7.2997        6.7997        2.9829       -3.6355        0.5000 
      0.07296        1.0255        0.8832       13.1270       312.897        1.4398        1.4022       114031.        1.5000        1.0000        1.9640       -1.7423        0.5000 
      0.07653        1.0283        0.8862       13.9465       309.150        1.4398        1.4013       114099.        1.5000        1.0000        1.9594       -1.7384        0.5000 
      0.07609        1.0307        0.8885       13.5555       310.442        1.4398        1.4026       114156.        1.5000        1.0000        1.9665       -1.7385        0.5000 
      1.37096        8.4944        5.9359       26.6202       273.536       20.2338       20.1003       122532.        4.3996        3.8996        2.7847       -2.3890        0.5000 
      1.36286        8.4790        5.9047       27.2140       274.190       20.2338       20.0998       122599.        4.7998        4.2998        2.7986       -2.3994        0.5000 
      1.38630        8.4456        5.8901       27.2679       274.820       20.2338       20.0996       122657.        4.5000        4.0000        2.7927       -2.3952        0.5000 
      1.82035        8.5422        6.7188       19.4012       219.210       20.2338       20.1832            0.        3.1959        2.6959        3.0791       -0.7253        0.5000 
      1.85726        8.6923        6.8604       25.0878       223.645       20.2338       20.1841           64.        3.5038        3.0038        3.0890       -0.7226        0.5000 
      1.58931        8.5951        6.7014       32.5133       235.667       20.2338       20.1904          110.        2.1989        1.6989        3.0902       -0.7189        0.5000 
      1.76904        8.5729        6.7356       25.6492       235.860       20.2338       20.1853          166.        3.1985        2.6985        3.0979       -0.7183        0.5000 
      2.49220        8.6301        6.5413       22.1568       233.816       20.2338       20.2221        69765.        9.4982        8.9982        0.3744       -6.5843        0.5000 
      2.49256        8.9709        6.8724       18.7334       231.932       20.2338       20.2273        69937.        6.5012        6.0012        0.4481       -6.5415        0.5000 
      2.56293        8.9640        6.8378       22.2095       231.148       20.2338       20.2257        70077.        7.2997        6.7997        0.3419       -6.6115        0.5000 
      0.05035        0.9268        0.7962       12.6198       313.220        1.3144        1.2682       114031.        1.5000        1.0000        1.3910       -1.2482        0.5000 
      0.05305        0.9293        0.7985       13.1455       309.700        1.3144        1.2686       114099.        1.5000        1.0000        1.3854       -1.2451        0.5000 
      0.05291        0.9321        0.8010       12.8393       310.967        1.3144        1.2707       114156.        1.5000        1.0000        1.3923       -1.2463        0.5000 
      1.42716        8.1966        5.8803       27.1655       273.319       20.2338       20.0865       122532.        4.3996        3.8996        2.9456       -2.1549        0.5000 
      1.42150        8.1820        5.8550       27.8425       273.879       20.2338       20.0863       122599.        4.7998        4.2998        2.9631       -2.1669        0.5000 
      1.43881        8.1870        5.8739       27.8480       274.719       20.2338       20.0861       122657.        4.5000        4.0000        2.9588       -2.1613        0.5000 
      1.81892        8.5299        6.7159       19.4152       219.237       20.2338       20.1344            0.        3.1959        2.6959        2.4039       -1.6538        0.5000 
      1.85601        8.6811        6.8678       25.0895       223.675       20.2338       20.1362           64.        3.5038        3.0038        2.4168       -1.6517        0.5000 
      1.58826        8.5815        6.6965       32.5139       235.697       20.2338       20.1468          110.        2.1989        1.6989        2.4144       -1.6551        0.5000 
      1.76782        8.5589        6.7298       25.6566       235.885       20.2338       20.1395          166.        3.1985        2.6985        2.4262       -1.6519        0.5000 
      2.49026        8.6217        6.5327       22.1818       233.661       20.2338       20.2204        69765.        9.4982        8.9982       -0.0940       -7.8311        0.5000 
      2.49056        8.9709        6.8795       18.7317       231.809       20.2338       20.2256        69937.        6.5012        6.0012       -0.0846       -7.7827        0.5000 
      2.56073        8.9671        6.8546       22.2124       230.994       20.2338       20.2239        70077.        7.2997        6.7997       -0.1431       -7.8840        0.5000 
      0.04860        0.9235        0.7927       12.5245       312.610        1.1999        1.2397       114031.        1.5000        1.0000        0.2294       -2.5753        0.5000 
      0.05077        0.9407        0.8082       12.7346       308.286        1.3144        1.2584       114099.        1.5000        1.0000        0.2223       -2.5736        0.5000 
      0.05127        0.9418        0.8092       12.6676       309.855        1.3144        1.2618       114156.        1.5000        1.0000        0.2258       -2.5731        0.5000 
      1.42449        8.1387        5.8596       27.2802       273.311       20.2338       20.0820       122532.        4.3996        3.8996        1.6372       -3.9930        0.5000 
      1.41908        8.1231        5.8380       27.9671       273.878       20.2338       20.0819       122599.        4.7998        4.2998        1.6492       -4.0162        0.5000 
      1.43614        8.1364        5.8603       27.9715       274.744       20.2338       20.0816       122657.        4.5000        4.0000        1.6486       -4.0088        0.5000 
      1.81706        8.5108        6.7082       19.4343       219.266       20.2338       20.0358            0.        3.1959        2.6959        2.1018       -1.8963        0.5000 
      1.85416        8.6590        6.8483       25.1109       223.710       20.2338       20.0373           64.        3.5038        3.0038        2.1074       -1.8944        0.5000 
      1.58682        8.5617        6.6878       32.5169       235.721       20.2338       20.0522          110.        2.1989        1.6989        2.1105       -1.8928        0.5000 
      1.76629        8.5394        6.7220       25.6649       235.905       20.2338       20.0417          166.        3.1985        2.6985        2.1137       -1.8920        0.5000 
      2.48754        8.6206        6.5217       22.1978       233.570       20.2338       20.2199        69765.        9.4982        8.9982       -1.2352       -8.2366        0.5000 
      2.48819        8.9693        6.8788       18.7272       231.743       20.2338       20.2251        69937.        6.5012        6.0012       -1.2336       -8.2336        0.5000 
      2.55829        8.9616        6.8438       22.2164       230.910       20.2338       20.2234        70077.        7.2997        6.7997       -1.2406       -8.2388        0.5000 
      0.03044        0.9329        0.8045        9.0425       305.220        1.1999        1.2098       114031.        1.5000        1.0000        0.0371       -2.0595        0.5000 
      0.03466        0.9519        0.8222        8.8817       301.093        1.1999        1.2182       114099.        1.5000        1.0000        0.0336       -2.0672        0.5000 
      0.03463        0.9498        0.8203        8.8940       302.557        1.1999        1.2192       114156.        1.5000        1.0000        0.0405       -2.0616        0.5000 
      1.41781        8.1493        5.8795       27.3068       273.159       20.2338       20.0729       122532.        4.3996        3.8996        1.6431       -3.2946        0.5000 
      1.41204        8.1460        5.8844       27.9896       273.718       20.2338       20.0729       122599.        4.7998        4.2998        1.6604       -3.3173        0.5000 
      1.42949        8.1535        5.8972       27.9880       274.588       20.2338       20.0722       122657.        4.5000        4.0000        1.6597       -3.3099        0.5000 
      1.81608        8.5008        6.7048       19.4283       219.264       20.2338       20.0064            0.        3.1959        2.6959        0.8219       -2.6030        0.5000 
      1.85328        8.6479        6.8440       25.0973       223.697       20.2338       20.0071           64.        3.5038        3.0038        0.8283       -2.6002        0.5000 
      1.58602        8.5503        6.6828       32.5005       235.697       20.2338       20.0191          110.        2.1989        1.6989        0.8320       -2.6044        0.5000 
      1.76548        8.5282        6.7178       25.6518       235.877       20.2338       20.0103          166.        3.1985        2.6985        0.8357       -2.6002        0.5000 
      2.48459        8.6330        6.5568       22.1684       233.455       20.2338       20.2191        69765.        9.4982        8.9982       -3.3407       -7.7229        0.5000 
      2.48565        8.9794        6.9205       18.6832       231.655       20.2338       20.2243        69937.        6.5012        6.0012       -3.3537       -7.7092        0.5000 
      2.55551        8.9758        6.9011       22.1661       230.797       20.2338       20.2226        70077.        7.2997        6.7997       -3.3642       -7.7287        0.5000 
      0.02921        0.9951        0.8618        7.5185       303.352        1.3144        1.2859       114031.        1.5000        1.0000       -0.1753       -1.9254        0.5000 
      0.03395        1.0039        0.8705        7.5426       299.843        1.3144        1.2905       114099.        1.5000        1.0000       -0.1785       -1.9280        0.5000 
      0.03366        1.0032        0.8699        7.4649       301.186        1.3144        1.2893       114156.        1.5000        1.0000       -0.1731       -1.9269        0.5000 
      1.41003        8.2232        6.0498       27.3174       272.791       20.2338       20.0488       122532.        4.3996        3.8996        0.9286       -1.7189        0.5000 
      1.40378        8.2233        6.0579       28.0018       273.330       20.2338       20.0489       122599.        4.7998        4.2998        0.9414       -1.7243        0.5000 
      1.42175        8.2216        6.0522       27.9942       274.197       20.2338       20.0481       122657.        4.5000        4.0000        0.9392       -1.7213        0.5000 
      1.81551        8.4942        6.7008       19.4072       219.236       20.2338       20.0026            0.        3.1959        2.6959        0.7923       -2.2056        0.5000 
      1.85281        8.6414        6.8400       25.0672       223.650       20.2338       20.0032           64.        3.5038        3.0038        0.7949       -2.2051        0.5000 
      1.58557        8.5439        6.6791       32.4728       235.629       20.2338       20.0147          110.        2.1989        1.6989        0.7982       -2.2057        0.5000 
      1.76505        8.5215        6.7141       25.6266       235.809       20.2338       20.0061          166.        3.1985        2.6985        0.7989       -2.2050        0.5000 
      2.48159        8.6323        6.5546       22.1917       233.358       20.2338       20.2179        69765.        9.4982        8.9982       -3.1853       -8.1040        0.5000 
      2.48306        8.9775        6.9309       18.6840       231.592       20.2338       20.2231        69937.        6.5012        6.0012       -3.1611       -8.1029        0.5000 
      2.55272        8.9719        6.8988       22.1626       230.709       20.2338       20.2215        70077.        7.2997        6.7997       -3.1797       -8.0937        0.5000 
      0.02774        0.9735        0.8404        8.2266       302.781        1.3144        1.2783       114031.        1.5000        1.0000       -0.1841       -2.6615        0.5000 
      0.03292        0.9921        0.8587        7.8684       298.846        1.3144        1.2886       114099.        1.5000        1.0000       -0.1900       -2.6605        0.5000 
      0.03253        0.9894        0.8561        7.8629       300.276        1.3144        1.2871       114156.        1.5000        1.0000       -0.1800       -2.6566        0.5000 
      1.40575        8.1963        6.0215       27.3749       272.521       20.2338       20.0378       122532.        4.3996        3.8996        0.4489       -3.7200        0.5000 
      1.39944        8.1888        6.0159       28.0648       273.052       20.2338       20.0379       122599.        4.7998        4.2998        0.4565       -3.7380        0.5000 
      1.41758        8.1897        6.0137       28.0505       273.924       20.2338       20.0373       122657.        4.5000        4.0000        0.4538       -3.7301        0.5000 
      1.81464        8.4875        6.6972       19.3949       219.218       20.2338       20.0005            0.        3.1959        2.6959        0.1324       -3.6355        0.5000 
      1.85210        8.6347        6.8362       25.0467       223.617       20.2338       20.0011           64.        3.5038        3.0038        0.1384       -3.6402        0.5000 
      1.58501        8.5372        6.6754       32.4523       235.577       20.2338       20.0126          110.        2.1989        1.6989        0.1358       -3.6449        0.5000 
      1.76448        8.5152        6.7107       25.6094       235.755       20.2338       20.0040          166.        3.1985        2.6985        0.1419       -3.6466        0.5000 
      2.47868        8.6171        6.5296       22.2165       233.288       20.2338       20.2061        69765.        9.4982        8.9982       -3.1362       -8.2254        0.5000 
      2.48029        8.9657        6.9119       18.6968       231.537       20.2338       20.2119        69937.        6.5012        6.0012       -3.1429       -8.2118        0.5000 
      2.54976        8.9579        6.8695       22.1707       230.646       20.2338       20.2106        70077.        7.2997        6.7997       -3.1495       -8.2023        0.5000 
      0.02921        0.8888        0.7622       10.2591       305.032        1.1999        1.2217       114031.        1.5000        1.0000       -1.1597       -4.2676        0.5000 
      0.03322        0.9322        0.8022        9.7627       299.418        1.1999        1.2349       114099.        1.5000        1.0000       -1.1560       -4.2645        0.5000 
      0.03348        0.9236        0.7940        9.8248       301.395        1.1999        1.2375       114156.        1.5000        1.0000       -1.1632       -4.2757        0.5000 
      1.39992        8.1170        5.8557       27.4024       272.530       20.2338       20.0266       122532.        4.3996        3.8996       -1.7122       -7.5721        0.5000 
      1.39374        8.0907        5.8180       28.1037       273.099       20.2338       20.0267       122599.        4.7998        4.2998       -1.7210       -7.6238        0.5000 
      1.41194        8.0902        5.8031       28.1035       273.989       20.2338       20.0263       122657.        4.5000        4.0000       -1.7178       -7.6010        0.5000 
      1.81314        8.4745        6.6951       19.3851       219.213       20.2338       19.9698            0.        3.1959        2.6959       -1.4068       -6.0118        0.5000 
      1.85074        8.6207        6.8296       25.0284       223.602       20.2338       19.9707           64.        3.5038        3.0038       -1.4080       -6.0324        0.5000 
      1.58396        8.5251        6.6694       32.4281       235.535       20.2338       19.9894          110.        2.1989        1.6989       -1.4105       -6.0383        0.5000 
      1.76329        8.5015        6.7040       25.5916       235.716       20.2338       19.9753          166.        3.1985        2.6985       -1.4104       -6.0527        0.5000 
      2.47457        8.5994        6.5301       22.2184       233.242       20.2338       20.1385        69765.        9.4982        8.9982       -1.9842       -8.4408        0.5000 
      2.47658        8.9392        6.8817       18.7240       231.512       20.2338       20.1466        69937.        6.5012        6.0012       -1.9680       -8.4366        0.5000 
      2.54566        8.9337        6.8524       22.1908       230.600       20.2338       20.1467        70077.        7.2997        6.7997       -2.0071       -8.4476        0.5000 
      0.03943        0.8321        0.7139       10.4146       306.046        1.0000       -9.0000       114031.        1.5000        1.0000        0.7746       -3.1035        0.5000 
      0.04191        0.8623        0.7395       10.2067       300.729        1.1999        1.1869       114099.        1.5000        1.0000        0.7698       -3.1045        0.5000 
      0.04312        0.8575        0.7355       10.3168       302.696        1.1999        1.1838       114156.        1.5000        1.0000        0.7753       -3.1015        0.5000 
      1.38709        8.1811        5.9557       27.3543       272.533       20.2338       19.9847       122532.        4.3996        3.8996       -0.4602       -6.4411        0.5000 
      1.38049        8.1456        5.8911       28.0655       273.124       20.2338       19.9834       122599.        4.7998        4.2998       -0.4911       -6.5058        0.5000 
      1.39906        8.1423        5.8743       28.0698       273.995       20.2338       19.9845       122657.        4.5000        4.0000       -0.4861       -6.4848        0.5000 
      1.80818        8.4222        6.6700       19.4057       219.258       20.2338       19.4898            0.        3.1959        2.6959       -0.5577       -5.4760        0.5000 
      1.84612        8.5658        6.8051       25.0286       223.644       20.2338       19.4922           64.        3.5038        3.0038       -0.5768       -5.5128        0.5000 
      1.57998        8.4695        6.6447       32.4076       235.538       20.2338       19.5402          110.        2.1989        1.6989       -0.5789       -5.5232        0.5000 
      1.75914        8.4468        6.6791       25.5863       235.715       20.2338       19.5048          166.        3.1985        2.6985       -0.5938       -5.5491        0.5000 
      2.47013        8.5624        6.4975       22.2760       233.143       20.2338       19.9973        69765.        9.4982        8.9982       -0.3713       -8.8973        0.5000 
      2.47181        8.9010        6.8295       18.7770       231.433       20.2338       20.0059        69937.        6.5012        6.0012       -0.3489       -8.8941        0.5000 
      2.54049        8.9001        6.8144       22.2338       230.495       20.2338       20.0038        70077.        7.2997        6.7997       -0.3669       -8.8984        0.5000 
      0.04118        0.8352        0.7171       11.8853       306.695        1.1999        1.1576       114031.        1.5000        1.0000        1.0512       -2.5870        0.5000 
      0.04424        0.8599        0.7381       11.4193       300.754        1.1999        1.1792       114099.        1.5000        1.0000        1.0475       -2.5921        0.5000 
      0.04507        0.8575        0.7362       11.5247       302.845        1.1999        1.1770       114156.        1.5000        1.0000        1.0535       -2.5844        0.5000 
      1.37886        8.2096        5.9923       27.4074       272.366       20.2338       19.9680       122532.        4.3996        3.8996       -0.1036       -5.8884        0.5000 
      1.37190        8.1717        5.9129       28.1122       272.968       20.2338       19.9665       122599.        4.7998        4.2998       -0.1343       -5.9743        0.5000 
      1.39090        8.1729        5.9191       28.1034       273.824       20.2338       19.9679       122657.        4.5000        4.0000       -0.1258       -5.9429        0.5000 
      1.80569        8.4033        6.6636       19.4184       219.301       20.2338       19.3159            0.        3.1959        2.6959        0.4850       -4.6754        0.5000 
      1.84380        8.5453        6.7978       25.0275       223.691       20.2338       19.3181           64.        3.5038        3.0038        0.4690       -4.7418        0.5000 
      1.57805        8.4467        6.6354       32.3917       235.564       20.2338       19.3455          110.        2.1989        1.6989        0.4643       -4.7626        0.5000 
      1.75704        8.4256        6.6707       25.5763       235.740       20.2338       19.3261          166.        3.1985        2.6985        0.4532       -4.8085        0.5000 
      2.46634        8.5590        6.5321       22.2384       233.032       20.2338       19.9549        69765.        9.4982        8.9982        2.9578       -7.2110        0.5000 
      2.46897        8.8747        6.8227       18.7879       231.368       20.2338       19.9618        69937.        6.5012        6.0012        2.9695       -7.1967        0.5000 
      2.53777        8.8664        6.7904       22.2604       230.404       20.2338       19.9594        70077.        7.2997        6.7997        2.9631       -7.2144        0.5000 
      0.05327        0.7908        0.6805       15.0858       310.518        1.0000       -9.0000       114031.        1.5000        1.0000        1.2446       -3.0121        0.5000 
      0.05496        0.8106        0.6972       15.0904       303.572        1.0000       -9.0000       114099.        1.5000        1.0000        1.2432       -3.0119        0.5000 
      0.05687        0.8085        0.6955       15.1340       305.954        1.0000       -9.0000       114156.        1.5000        1.0000        1.2466       -3.0119        0.5000 
      1.37205        8.1876        5.9753       27.4667       272.225       20.2338       19.9361       122532.        4.3996        3.8996        1.3805       -4.7948        0.5000 
      1.36493        8.1597        5.9267       28.1582       272.820       20.2338       19.9346       122599.        4.7998        4.2998        1.3767       -4.8428        0.5000 
      1.38416        8.1658        5.9477       28.1428       273.681       20.2338       19.9328       122657.        4.5000        4.0000        1.3729       -4.8258        0.5000 
      1.80325        8.3894        6.6566       19.4232       219.327       18.4714       19.2626            0.        3.1959        2.6959        1.4349       -3.5217        0.5000 
      1.84160        8.5300        6.7883       25.0188       223.714       18.4714       19.2641           64.        3.5038        3.0038        1.4292       -3.5471        0.5000 
      1.57654        8.4325        6.6282       32.3696       235.558       18.4714       19.2946          110.        2.1989        1.6989        1.4285       -3.5562        0.5000 
      1.75519        8.4112        6.6632       25.5597       235.729       18.4714       19.2717          166.        3.1985        2.6985        1.4241       -3.5732        0.5000 
      2.46176        8.5210        6.4772       22.2915       232.976       20.2338       19.9100        69765.        9.4982        8.9982        3.0913       -7.2305        0.5000 
      2.46404        8.8535        6.8051       18.8114       231.316       20.2338       19.9194        69937.        6.5012        6.0012        3.0955       -7.2250        0.5000 
      2.53280        8.8396        6.7613       22.2822       230.335       20.2338       19.9173        70077.        7.2997        6.7997        3.0913       -7.2420        0.5000 
      0.09182        0.9140        0.7909       19.0777       314.383        1.1999        1.1848       114031.        1.5000        1.0000        1.2153       -3.6198        0.5000 
      0.09041        0.9052        0.7824       19.2959       305.261        1.1999        1.1803       114099.        1.5000        1.0000        1.2152       -3.6190        0.5000 
      0.09500        0.9088        0.7861       19.9815       309.019        1.1999        1.1814       114156.        1.5000        1.0000        1.2182       -3.6183        0.5000 
      1.36228        8.0830        5.8429       27.5595       271.960       20.2338       19.5699       122532.        4.3996        3.8996        2.3309       -5.0469        0.5000 
      1.35508        8.0516        5.7917       28.2441       272.542       20.2338       19.5704       122599.        4.7998        4.2998        2.3454       -5.0765        0.5000 
      1.37447        8.0718        5.8470       28.2258       273.414       20.2338       19.5599       122657.        4.5000        4.0000        2.3413       -5.0627        0.5000 
      1.79696        8.3303        6.6301       19.4420       219.373       18.4714       18.8552            0.        3.1959        2.6959        2.5440       -3.1304        0.5000 
      1.83584        8.4673        6.7584       25.0133       223.753       18.4714       18.8553           64.        3.5038        3.0038        2.5576       -3.1340        0.5000 
      1.57176        8.3702        6.6000       32.3361       235.540       18.4714       18.8818          110.        2.1989        1.6989        2.5616       -3.1459        0.5000 
      1.75013        8.3492        6.6337       25.5472       235.706       18.4714       18.8607          166.        3.1985        2.6985        2.5710       -3.1437        0.5000 
      2.45248        8.4715        6.4619       22.2774       232.875       20.2338       19.4712        69765.        9.4982        8.9982        3.2858       -6.1919        0.5000 
      2.45453        8.8002        6.7889       18.8099       231.250       20.2338       19.4925        69937.        6.5012        6.0012        3.2842       -6.1768        0.5000 
      2.52268        8.7889        6.7387       22.2644       230.242       20.2338       19.4870        70077.        7.2997        6.7997        3.2855       -6.2032        0.5000 
      0.10371        0.9139        0.7909       19.8374       312.464        1.1999        1.1866       114031.        1.5000        1.0000        1.5473       -3.7544        0.5000 
      0.10551        0.9195        0.7961       20.7594       304.614        1.1999        1.1878       114099.        1.5000        1.0000        1.5447       -3.7540        0.5000 
      0.10527        0.9281        0.8043       20.7432       307.582        1.1999        1.1945       114156.        1.5000        1.0000        1.5482       -3.7533        0.5000 
      1.35591        7.9631        5.7307       27.5854       271.720       20.2338       19.3203       122532.        4.3996        3.8996        2.6575       -5.5481        0.5000 
      1.34896        7.9149        5.6632       28.2819       272.307       20.2338       19.3192       122599.        4.7998        4.2998        2.6739       -5.5847        0.5000 
      1.36859        7.9325        5.6941       28.2569       273.189       20.2338       19.3191       122657.        4.5000        4.0000        2.6698       -5.5694        0.5000 
      1.79220        8.2885        6.6102       19.4351       219.380       18.4714       18.7025            0.        3.1959        2.6959        2.6664       -3.3662        0.5000 
      1.83159        8.4231        6.7352       24.9799       223.740       18.4714       18.7042           64.        3.5038        3.0038        2.6766       -3.3734        0.5000 
      1.56817        8.3253        6.5784       32.2848       235.469       18.4714       18.7189          110.        2.1989        1.6989        2.6785       -3.3820        0.5000 
      1.74647        8.3075        6.6148       25.5111       235.634       18.4714       18.7088          166.        3.1985        2.6985        2.6862       -3.3842        0.5000 
      2.44311        8.4452        6.4494       22.3251       232.849       18.4714       19.1851        69765.        9.4982        8.9982        3.4658       -6.8510        0.5000 
      2.44593        8.7602        6.7455       18.8495       231.227       18.4714       19.1995        69937.        6.5012        6.0012        3.4588       -6.8354        0.5000 
      2.51390        8.7531        6.7165       22.3001       230.200       18.4714       19.1947        70077.        7.2997        6.7997        3.4790       -6.8656        0.5000 
      0.11730        1.0014        0.8735       21.9292       313.341        1.1999        1.2288       114031.        1.5000        1.0000        1.6553       -3.0411        0.5000 
      0.11364        1.0147        0.8873       22.3083       303.757        1.1999        1.2449       114099.        1.5000        1.0000        1.6515       -3.0384        0.5000 
      0.12035        0.9991        0.8710       23.0575       308.460        1.1999        1.2357       114156.        1.5000        1.0000        1.6553       -3.0385        0.5000 
      1.35138        7.8675        5.6600       27.5993       271.601       18.4714       19.2034       122532.        4.3996        3.8996        2.9355       -4.9299        0.5000 
      1.34464        7.8184        5.6087       28.2877       272.183       18.4714       19.2014       122599.        4.7998        4.2998        2.9526       -4.9645        0.5000 
      1.36415        7.8365        5.6253       28.2585       273.066       18.4714       19.1997       122657.        4.5000        4.0000        2.9489       -4.9509        0.5000 
      1.78802        8.2659        6.6004       19.4525       219.449       18.4714       18.6433            0.        3.1959        2.6959        2.6885       -2.4954        0.5000 
      1.82776        8.3985        6.7241       24.9716       223.816       18.4714       18.6441           64.        3.5038        3.0038        2.7009       -2.5046        0.5000 
      1.56542        8.2998        6.5671       32.2499       235.496       18.4714       18.6560          110.        2.1989        1.6989        2.7027       -2.5148        0.5000 
      1.74328        8.2810        6.6015       25.4878       235.664       18.4714       18.6473          166.        3.1985        2.6985        2.7121       -2.5179        0.5000 
      2.43064        8.3860        6.4044       22.4034       232.880       18.4714       18.8699        69765.        9.4982        8.9982        3.6906       -7.3543        0.5000 
      2.43342        8.7026        6.7028       18.9133       231.254       18.4714       18.8808        69937.        6.5012        6.0012        3.6868       -7.3359        0.5000 
      2.50111        8.6897        6.6603       22.3664       230.224       18.4714       18.8776        70077.        7.2997        6.7997        3.7006       -7.3768        0.5000 
      0.07585        0.9535        0.8270       15.7054       308.801        1.1999        1.2129       114031.        1.5000        1.0000        1.4888       -2.7991        0.5000 
      0.07238        0.9403        0.8137       16.2634       299.432        1.1999        1.2105       114099.        1.5000        1.0000        1.4851       -2.7966        0.5000 
      0.07823        0.9585        0.8320       16.7180       303.050        1.1999        1.2133       114156.        1.5000        1.0000        1.4900       -2.7980        0.5000 
      1.34334        7.7659        5.5780       27.6483       271.380       18.4714       18.8742       122532.        4.3996        3.8996        2.7975       -4.8893        0.5000 
      1.33661        7.7216        5.5510       28.3264       271.950       18.4714       18.8732       122599.        4.7998        4.2998        2.8155       -4.9282        0.5000 
      1.35624        7.7346        5.5459       28.2994       272.844       18.4714       18.8686       122657.        4.5000        4.0000        2.8114       -4.9130        0.5000 
      1.78348        8.2419        6.5876       19.4774       219.537       18.4714       18.5664            0.        3.1959        2.6959        2.7410       -2.5788        0.5000 
      1.82360        8.3718        6.7084       24.9680       223.915       18.4714       18.5673           64.        3.5038        3.0038        2.7540       -2.5976        0.5000 
      1.56248        8.2734        6.5540       32.2125       235.548       18.4714       18.5791          110.        2.1989        1.6989        2.7557       -2.6113        0.5000 
      1.73983        8.2541        6.5871       25.4637       235.717       18.4714       18.5706          166.        3.1985        2.6985        2.7656       -2.6208        0.5000 
      2.41911        8.3544        6.4037       22.3998       232.839       18.4714       18.7116        69765.        9.4982        8.9982        4.1845       -6.1559        0.5000 
      2.42219        8.6600        6.6849       18.9138       231.219       18.4714       18.7179        69937.        6.5012        6.0012        4.1817       -6.1362        0.5000 
      2.48948        8.6518        6.6572       22.3486       230.168       18.4714       18.7143        70077.        7.2997        6.7997        4.2005       -6.1808        0.5000 
      0.09120        0.9083        0.7860       18.0119       308.377        1.1999        1.1807       114031.        1.5000        1.0000        1.5610       -2.1689        0.5000 
      0.08455        0.9014        0.7793       18.2578       296.896        1.1999        1.1757       114099.        1.5000        1.0000        1.5569       -2.1655        0.5000 
      0.09853        0.9013        0.7797       19.8496       302.634        1.1999        1.1752       114156.        1.5000        1.0000        1.5606       -2.1676        0.5000 
      1.33399        7.7186        5.5579       27.6866       271.017       18.4714       18.7169       122532.        4.3996        3.8996        2.8184       -4.3987        0.5000 
      1.32713        7.6707        5.5258       28.3611       271.569       18.4714       18.7163       122599.        4.7998        4.2998        2.8351       -4.4375        0.5000 
      1.34682        7.6887        5.5265       28.3278       272.463       18.4714       18.7147       122657.        4.5000        4.0000        2.8316       -4.4234        0.5000 
      1.77967        8.2296        6.5807       19.4995       219.627       18.4714       18.5485            0.        3.1959        2.6959        2.6583       -1.8212        0.5000 
      1.82015        8.3571        6.6992       24.9620       224.019       18.4714       18.5491           64.        3.5038        3.0038        2.6715       -1.8332        0.5000 
      1.56021        8.2582        6.5462       32.1735       235.608       18.4714       18.5579          110.        2.1989        1.6989        2.6745       -1.8428        0.5000 
      1.73703        8.2387        6.5785       25.4360       235.781       18.4714       18.5515          166.        3.1985        2.6985        2.6841       -1.8485        0.5000 
      2.40823        8.3283        6.3940       22.3694       232.816       18.4714       18.6177        69765.        9.4982        8.9982        4.0377       -5.3583        0.5000 
      2.41127        8.6353        6.6936       18.8723       231.186       18.4714       18.6227        69937.        6.5012        6.0012        4.0345       -5.3393        0.5000 
      2.47851        8.6237        6.6525       22.3140       230.136       18.4714       18.6208        70077.        7.2997        6.7997        4.0517       -5.3852        0.5000 
      0.13811        0.8658        0.7475       24.0910       309.047        1.1999        1.1625       114031.        1.5000        1.0000        1.8531       -1.9551        0.5000 
      0.14326        0.8534        0.7362       27.3029       298.231        1.1999        1.1539       114099.        1.5000        1.0000        1.8481       -1.9525        0.5000 
      0.13784        0.8431        0.7275       25.6981       297.136        1.1999        1.1476       114156.        1.5000        1.0000        1.8530       -1.9542        0.5000 
      1.32498        7.6947        5.5557       27.7362       270.599       18.4714       18.6361       122532.        4.3996        3.8996        3.0704       -3.5187        0.5000 
      1.31787        7.6474        5.5273       28.4057       271.131       18.4714       18.6354       122599.        4.7998        4.2998        3.0866       -3.5481        0.5000 
      1.33759        7.6777        5.5570       28.3668       272.023       18.4714       18.6348       122657.        4.5000        4.0000        3.0829       -3.5372        0.5000 
      1.77649        8.2251        6.5772       19.5255       219.722       18.4714       18.5465            0.        3.1959        2.6959        2.3935       -0.5937        0.5000 
      1.81729        8.3509        6.6940       24.9623       224.133       18.4714       18.5471           64.        3.5038        3.0038        2.3964       -0.5926        0.5000 
      1.55855        8.2525        6.5432       32.1406       235.688       18.4714       18.5555          110.        2.1989        1.6989        2.3977       -0.5956        0.5000 
      1.73479        8.2318        6.5739       25.4133       235.863       18.4714       18.5493          166.        3.1985        2.6985        2.3995       -0.5934        0.5000 
      2.39761        8.3277        6.4138       22.2640       232.700       18.4714       18.5752        69765.        9.4982        8.9982        3.6659       -2.4725        0.5000 
      2.40140        8.6264        6.7088       18.8102       231.108       18.4714       18.5805        69937.        6.5012        6.0012        3.6621       -2.4581        0.5000 
      2.46804        8.6199        6.6819       22.2230       230.022       18.4714       18.5782        70077.        7.2997        6.7997        3.6888       -2.4846        0.5000 
      0.05719        0.8295        0.7156       14.6425       300.661        1.0954        1.1038       114031.        1.5000        1.0000        1.8377       -0.9318        0.5000 
      0.05148        0.8240        0.7100       15.2867       292.539        1.0954        1.0903       114099.        1.5000        1.0000        1.8331       -0.9308        0.5000 
      0.05273        0.8260        0.7120       15.0934       294.233        1.0954        1.0913       114156.        1.5000        1.0000        1.8380       -0.9303        0.5000 
      1.31694        7.7281        5.6546       27.7554       270.102       18.4714       18.5710       122532.        4.3996        3.8996        3.1699       -1.8687        0.5000 
      1.30955        7.6779        5.6038       28.4259       270.604       18.4714       18.5704       122599.        4.7998        4.2998        3.1870       -1.8848        0.5000 
      1.32929        7.7205        5.6641       28.3771       271.500       18.4714       18.5697       122657.        4.5000        4.0000        3.1840       -1.8792        0.5000 
      1.77350        8.2187        6.5718       19.5319       219.797       18.4714       18.5415            0.        3.1959        2.6959        2.3806       -0.4163        0.5000 
      1.81460        8.3428        6.6863       24.9375       224.216       18.4714       18.5422           64.        3.5038        3.0038        2.3820       -0.4142        0.5000 
      1.55691        8.2461        6.5385       32.0863       235.727       18.4714       18.5514          110.        2.1989        1.6989        2.3843       -0.4186        0.5000 
      1.73265        8.2225        6.5662       25.3668       235.907       18.4714       18.5445          166.        3.1985        2.6985        2.3845       -0.4149        0.5000 
      2.38666        8.3074        6.4123       22.2324       232.644       18.4714       18.5198        69765.        9.4982        8.9982        3.7811       -2.1184        0.5000 
      2.39067        8.6005        6.6896       18.7960       231.068       18.4714       18.5245        69937.        6.5012        6.0012        3.7732       -2.1017        0.5000 
      2.45709        8.5905        6.6555       22.1899       229.952       18.4714       18.5228        70077.        7.2997        6.7997        3.8000       -2.1277        0.5000 
      0.13594        0.8182        0.7054       25.1877       299.214        1.0954        1.0879       114031.        1.5000        1.0000        1.7310       -1.0433        0.5000 
      0.06783        0.8435        0.7258       20.4521       285.306        1.0954        1.1133       114099.        1.5000        1.0000        1.7246       -1.0432        0.5000 
      0.06335        0.8603        0.7405       17.3732       291.453        1.1999        1.1464       114156.        1.5000        1.0000        1.7320       -1.0431        0.5000 
      1.30869        7.7265        5.6583       27.8096       269.545       18.4714       18.5348       122532.        4.3996        3.8996        3.1308       -1.9240        0.5000 
      1.30101        7.6750        5.6079       28.4795       270.012       18.4714       18.5341       122599.        4.7998        4.2998        3.1485       -1.9419        0.5000 
      1.32096        7.7169        5.6659       28.4256       270.914       18.4714       18.5345       122657.        4.5000        4.0000        3.1440       -1.9340        0.5000 
      1.76950        8.2026        6.5613       19.5284       219.861       18.4714       18.4979            0.        3.1959        2.6959        2.1305       -0.1595        0.5000 
      1.81098        8.3244        6.6720       24.8977       224.278       18.4714       18.4992           64.        3.5038        3.0038        2.1357       -0.1585        0.5000 
      1.55452        8.2300        6.5287       32.0156       235.727       18.4714       18.5097          110.        2.1989        1.6989        2.1372       -0.1603        0.5000 
      1.72971        8.2036        6.5526       25.3090       235.916       18.4714       18.5022          166.        3.1985        2.6985        2.1409       -0.1587        0.5000 
      2.37615        8.3010        6.4011       22.2086       232.622       18.4714       18.5155        69765.        9.4982        8.9982        4.0533       -1.8519        0.5000 
      2.38084        8.5924        6.6767       18.7819       231.042       18.4714       18.5199        69937.        6.5012        6.0012        4.0498       -1.8344        0.5000 
      2.44682        8.5845        6.6521       22.1671       229.914       18.4714       18.5184        70077.        7.2997        6.7997        4.0812       -1.8557        0.5000 
      0.04526        0.8390        0.7226       13.2876       295.594        1.0954        1.1101       114031.        1.5000        1.0000        1.4675       -0.8134        0.5000 
      0.03894        0.8537        0.7352       12.5899       296.381        1.1999        1.1577       114099.        1.5000        1.0000        1.4611       -0.8145        0.5000 
      0.04027        0.8579        0.7391       11.2113       297.540        1.1999        1.1598       114156.        1.5000        1.0000        1.4673       -0.8150        0.5000 
      1.30021        7.7309        5.6595       27.8296       268.997       18.4714       18.5270       122532.        4.3996        3.8996        2.9772       -1.4416        0.5000 
      1.29210        7.6880        5.6292       28.4953       269.425       18.4714       18.5263       122599.        4.7998        4.2998        2.9959       -1.4577        0.5000 
      1.31209        7.7314        5.6865       28.4324       270.339       18.4714       18.5269       122657.        4.5000        4.0000        2.9916       -1.4502        0.5000 
      1.76529        8.1857        6.5500       19.5368       219.945       18.4714       18.4489            0.        3.1959        2.6959        2.2215        0.1058        0.5000 
      1.80723        8.3063        6.6660       24.8652       224.366       18.4714       18.4496           64.        3.5038        3.0038        2.2277        0.1075        0.5000 
      1.55195        8.2123        6.5183       31.9561       235.764       18.4714       18.4601          110.        2.1989        1.6989        2.2305        0.1046        0.5000 
      1.72660        8.1836        6.5397       25.2629       235.959       18.4714       18.4523          166.        3.1985        2.6985        2.2343        0.1073        0.5000 
      2.36628        8.2942        6.3989       22.1784       232.579       18.4714       18.5147        69765.        9.4982        8.9982        3.9373       -0.6161        0.5000 
      2.37109        8.5922        6.6918       18.7389       231.019       18.4714       18.5191        69937.        6.5012        6.0012        3.9337       -0.6054        0.5000 
      2.43689        8.5758        6.6406       22.1272       229.863       18.4714       18.5176        70077.        7.2997        6.7997        3.9630       -0.6288        0.5000 
      0.02224        0.8743        0.7564        7.6002       302.929        1.1999        1.1651       114031.        1.5000        1.0000        1.5704       -0.5134        0.5000 
      0.02394        0.8640        0.7468        8.3254       298.318        1.1999        1.1625       114099.        1.5000        1.0000        1.5682       -0.5141        0.5000 
      0.02434        0.8665        0.7494        7.7596       300.319        1.1999        1.1621       114156.        1.5000        1.0000        1.5684       -0.5161        0.5000 
      1.29175        7.7815        5.7610       27.8289       268.486       18.4714       18.5178       122532.        4.3996        3.8996        2.5371       -0.7154        0.5000 
      1.28331        7.7337        5.7095       28.4935       268.880       18.4714       18.5171       122599.        4.7998        4.2998        2.5517       -0.7245        0.5000 
      1.30335        7.7774        5.7640       28.4256       269.807       18.4714       18.5169       122657.        4.5000        4.0000        2.5481       -0.7191        0.5000 
      1.76166        8.1763        6.5411       19.5399       220.011       18.4714       18.4418            0.        3.1959        2.6959        2.2683        0.3398        0.5000 
      1.80395        8.2937        6.6452       24.8403       224.435       18.4714       18.4424           64.        3.5038        3.0038        2.2736        0.3397        0.5000 
      1.54995        8.2033        6.5122       31.8922       235.771       18.4714       18.4513          110.        2.1989        1.6989        2.2768        0.3373        0.5000 
      1.72406        8.1734        6.5309       25.2137       235.973       18.4714       18.4447          166.        3.1985        2.6985        2.2798        0.3382        0.5000 
      2.35566        8.2840        6.3910       22.1561       232.565       18.4714       18.5104        69765.        9.4982        8.9982        3.3948       -0.4892        0.5000 
      2.36075        8.5728        6.6479       18.7377       230.991       18.4714       18.5150        69937.        6.5012        6.0012        3.3981       -0.4829        0.5000 
      2.42583        8.5737        6.6523       22.0863       229.822       18.4714       18.5136        70077.        7.2997        6.7997        3.4189       -0.4974        0.5000 
      0.00460        0.8212        0.7077        3.4207       295.284        1.0954        1.0956       114031.        1.5000        1.0000        1.7865        0.1079        0.5000 
      0.00600        0.8188        0.7054        4.0545       293.811        1.0954        1.0907       114099.        1.5000        1.0000        1.7812        0.1102        0.5000 
      0.00621        0.8201        0.7067        3.5563       294.426        1.0954        1.0940       114156.        1.5000        1.0000        1.7854        0.1067        0.5000 
      1.28409        7.7815        5.7883       27.8525       268.077       18.4714       18.4522       122532.        4.3996        3.8996        2.8157       -0.0378        0.5000 
      1.27544        7.7344        5.7379       28.5156       268.455       18.4714       18.4516       122599.        4.7998        4.2998        2.8287       -0.0405        0.5000 
      1.29549        7.7770        5.7832       28.4425       269.386       18.4714       18.4510       122657.        4.5000        4.0000        2.8251       -0.0384        0.5000 
      1.75800        8.1696        6.5330       19.5425       220.083       18.4714       18.4409            0.        3.1959        2.6959        2.4656        0.2258        0.5000 
      1.80071        8.2853        6.6343       24.8084       224.508       18.4714       18.4415           64.        3.5038        3.0038        2.4681        0.2274        0.5000 
      1.54803        8.1972        6.5071       31.8280       235.786       18.4714       18.4503          110.        2.1989        1.6989        2.4671        0.2292        0.5000 
      1.72152        8.1655        6.5226       25.1638       235.994       18.4714       18.4437          166.        3.1985        2.6985        2.4696        0.2298        0.5000 
      2.34176        8.2676        6.3793       22.1355       232.571       18.4714       18.4537        69765.        9.4982        8.9982        2.7032       -0.6933        0.5000 
      2.34737        8.5547        6.6410       18.7139       230.987       18.4714       18.4591        69937.        6.5012        6.0012        2.7048       -0.6878        0.5000 
      2.41190        8.5509        6.6229       22.0585       229.797       18.4714       18.4575        70077.        7.2997        6.7997        2.7194       -0.7060        0.5000 
      0.00389        0.8354        0.7220        2.6790       295.472        1.0954        1.0972       114031.        1.5000        1.0000        1.6360        0.4782        0.5000 
      0.00490        0.8328        0.7195        2.7466       294.747        1.0954        1.0958       114099.        1.5000        1.0000        1.6333        0.4811        0.5000 
      0.00514        0.8329        0.7196        2.5120       295.035        1.0954        1.0957       114156.        1.5000        1.0000        1.6336        0.4791        0.5000 
      1.27759        7.7726        5.8128       27.8810       267.766       18.4714       18.4286       122532.        4.3996        3.8996        2.5084        0.4316        0.5000 
      1.26878        7.7302        5.7776       28.5401       268.124       18.4714       18.4279       122599.        4.7998        4.2998        2.5205        0.4347        0.5000 
      1.28881        7.7766        5.8296       28.4630       269.057       18.4714       18.4284       122657.        4.5000        4.0000        2.5186        0.4337        0.5000 
      1.75395        8.1599        6.5228       19.5473       220.170       18.4714       18.4222            0.        3.1959        2.6959        2.8677        0.4675        0.5000 
      1.79707        8.2727        6.6189       24.7771       224.603       18.4714       18.4229           64.        3.5038        3.0038        2.8727        0.4682        0.5000 
      1.54581        8.1881        6.4996       31.7597       235.817       18.4714       18.4358          110.        2.1989        1.6989        2.8720        0.4690        0.5000 
      1.71860        8.1522        6.5093       25.1119       236.037       18.4714       18.4259          166.        3.1985        2.6985        2.8765        0.4692        0.5000 
      2.32931        8.2490        6.3649       22.1077       232.537       18.4714       18.4100        69765.        9.4982        8.9982        3.9435        1.1051        0.5000 
      2.33526        8.5317        6.6223       18.6917       230.961       18.4714       18.4144        69937.        6.5012        6.0012        3.9399        1.1168        0.5000 
      2.39937        8.5289        6.6107       22.0131       229.746       18.4714       18.4131        70077.        7.2997        6.7997        3.9708        1.1164        0.5000 
      0.00433        0.8279        0.7140        3.3097       295.242        1.0954        1.0974       114031.        1.5000        1.0000        1.9914        0.1987        0.5000 
      0.00554        0.8231        0.7096        3.1911       294.322        1.0954        1.0921       114099.        1.5000        1.0000        1.9839        0.2006        0.5000 
      0.00578        0.8249        0.7113        2.9241       294.721        1.0954        1.0940       114156.        1.5000        1.0000        1.9902        0.1986        0.5000 
      1.27153        7.7269        5.7586       27.9119       267.519       18.4714       18.4217       122532.        4.3996        3.8996        3.4002        0.0550        0.5000 
      1.26269        7.6806        5.7159       28.5693       267.868       18.4714       18.4209       122599.        4.7998        4.2998        3.4164        0.0547        0.5000 
      1.28264        7.7306        5.7678       28.4910       268.807       18.4714       18.4216       122657.        4.5000        4.0000        3.4122        0.0562        0.5000 
