TPAR
20150504.005959 5.945 16.495 235.2 13.0
20150504.015959 5.875 16.495 235.0 13.0
20150504.025959 5.795 16.495 234.8 12.9
20150504.035959 5.705 16.495 234.6 12.9
20150504.045959 5.615 16.495 234.3 12.8
20150504.055959 5.522 16.495 234.2 12.8
20150504.065959 5.430 16.495 234.0 12.6
20150504.075959 5.345 16.495 233.7 12.5
20150504.085959 5.254 16.245 233.4 12.5
20150504.095959 5.162 16.239 232.9 12.6
20150504.105959 5.059 16.239 232.6 12.6
20150504.115959 4.937 15.850 232.3 12.6
20150504.125959 4.820 15.843 232.0 12.7
20150504.135959 4.704 15.484 231.6 12.8
20150504.145959 4.597 15.268 231.3 13.0
20150504.155959 4.489 15.265 231.0 13.1
20150504.165959 4.384 15.265 230.8 13.1
20150504.175959 4.291 15.143 230.7 12.9
20150504.185959 4.195 15.141 230.7 12.6
20150504.195959 4.104 15.141 230.7 12.5
20150504.205959 4.018 15.141 230.6 12.3
20150504.215959 3.934 15.141 230.6 12.2
20150504.225959 3.852 15.021 230.6 11.9
20150504.235959 3.769 15.018 230.6 11.7
20150505.005959 3.687 15.018 230.6 11.6
20150505.015959 3.605 15.018 230.5 11.5
20150505.025959 3.519 14.816 230.4 11.4
20150505.035959 3.441 14.812 230.3 11.2
20150505.045959 3.358 14.498 230.1 11.1
20150505.055959 3.284 14.173 229.9 11.1
20150505.065959 3.216 13.957 229.6 11.0
20150505.075959 3.150 13.954 229.3 11.0
20150505.085959 3.097 13.833 229.0 11.0
20150505.095959 3.045 13.831 228.6 11.1
20150505.105959 2.996 13.831 228.2 11.1
20150505.115959 2.951 13.741 227.9 11.2
20150505.125959 2.906 13.739 227.6 11.2
20150505.135959 2.859 13.739 227.3 11.3
20150505.145959 2.810 13.739 227.1 11.4
20150505.155959 2.759 13.619 226.8 11.6
20150505.165959 2.706 13.616 226.5 11.8
20150505.175959 2.649 13.415 226.2 12.0
20150505.185959 2.594 13.411 225.8 12.5
20150505.195959 2.539 13.137 225.3 13.0
20150505.205959 2.485 12.877 224.8 13.6
20150505.215959 2.437 12.705 224.3 14.3
20150505.225959 2.384 12.702 224.1 14.3
20150505.235959 2.335 12.602 224.1 14.1
20150506.005959 2.288 12.600 224.1 13.7
20150506.015959 2.248 12.525 224.2 13.2
20150506.025959 2.207 12.523 224.3 12.6
20150506.035959 2.170 12.523 224.4 12.0
20150506.045959 2.135 12.433 224.4 11.4
20150506.055959 2.102 12.431 224.4 10.9
20150506.065959 2.071 12.287 224.4 10.7
20150506.075959 2.046 12.073 224.2 10.5
20150506.085959 2.027 12.058 223.9 10.7
20150506.095959 2.013 11.838 223.4 10.9
20150506.105959 2.003 11.653 223.1 11.1
20150506.115959 1.994 11.534 222.7 11.4
20150506.125959 1.986 11.532 222.3 11.7
20150506.135959 1.982 11.458 221.9 12.1
20150506.145959 1.974 11.457 221.7 12.3
20150506.155959 1.968 11.457 221.7 12.3
20150506.165959 1.966 11.457 221.9 12.1
20150506.175959 1.974 11.457 222.2 11.9
20150506.185959 1.992 11.457 222.5 11.7
20150506.195959 2.020 11.531 222.8 11.4
20150506.205959 2.061 12.059 223.1 11.2
20150506.215959 2.104 12.859 223.4 11.0
20150506.225959 2.155 13.733 223.7 10.9
20150506.235959 2.189 14.159 224.0 11.1
