TPAR
20150504.005959 5.029 16.495 246.0 17.4
20150504.015959 4.910 16.495 246.1 17.4
20150504.025959 4.811 16.495 245.9 17.4
20150504.035959 4.718 16.245 245.6 17.4
20150504.045959 4.640 16.239 245.3 17.4
20150504.055959 4.576 16.239 245.0 17.2
20150504.065959 4.513 16.239 244.6 17.1
20150504.075959 4.433 16.239 244.3 17.0
20150504.085959 4.328 15.850 244.1 16.9
20150504.095959 4.224 15.843 243.9 16.9
20150504.105959 4.119 15.843 243.5 16.9
20150504.115959 4.017 15.484 243.1 17.1
20150504.125959 3.919 15.268 242.8 17.1
20150504.135959 3.816 15.265 242.6 17.1
20150504.145959 3.722 15.143 242.5 16.9
20150504.155959 3.626 15.141 242.5 16.6
20150504.165959 3.533 15.141 242.6 16.3
20150504.175959 3.447 15.141 242.6 15.9
20150504.185959 3.369 15.141 242.6 15.6
20150504.195959 3.297 15.021 242.6 15.4
20150504.205959 3.227 15.018 242.5 15.2
20150504.215959 3.157 15.018 242.4 15.0
20150504.225959 3.085 15.018 242.4 14.6
20150504.235959 3.012 14.816 242.5 14.3
20150505.005959 2.944 14.812 242.4 14.1
20150505.015959 2.880 14.812 242.3 13.8
20150505.025959 2.812 14.498 242.2 13.6
20150505.035959 2.753 14.173 242.0 13.4
20150505.045959 2.697 13.957 241.8 13.2
20150505.055959 2.644 13.954 241.5 13.1
20150505.065959 2.598 13.833 241.1 13.0
20150505.075959 2.551 13.831 240.7 13.0
20150505.085959 2.513 13.741 240.2 13.0
20150505.095959 2.476 13.739 239.6 13.2
20150505.105959 2.437 13.739 239.1 13.2
20150505.115959 2.400 13.736 238.7 13.2
20150505.125959 2.363 13.618 238.2 13.2
20150505.135959 2.328 13.616 237.7 13.3
20150505.145959 2.290 13.415 237.1 13.7
20150505.155959 2.255 13.411 236.3 14.4
20150505.165959 2.219 13.137 235.2 15.5
20150505.175959 2.188 13.132 234.1 16.8
20150505.185959 2.155 12.878 233.0 18.3
20150505.195959 2.117 12.705 232.3 19.1
20150505.205959 2.079 12.602 232.2 19.0
20150505.215959 2.034 12.600 232.5 18.0
20150505.225959 1.991 12.525 233.0 16.5
20150505.235959 1.952 12.523 233.4 15.2
20150506.005959 1.917 12.433 233.6 14.1
20150506.015959 1.884 12.431 233.8 13.3
20150506.025959 1.852 12.287 233.9 12.7
20150506.035959 1.825 12.284 234.0 12.2
20150506.045959 1.798 12.073 234.0 11.8
20150506.055959 1.774 11.838 233.9 11.5
20150506.065959 1.755 11.653 233.8 11.3
20150506.075959 1.741 11.650 233.7 11.2
20150506.085959 1.730 11.534 233.4 11.1
20150506.095959 1.726 11.458 233.0 11.3
20150506.105959 1.722 11.457 232.5 11.5
20150506.115959 1.718 11.457 232.1 11.9
20150506.125959 1.716 11.395 231.6 12.4
20150506.135959 1.713 11.394 231.3 12.8
20150506.145959 1.713 11.394 231.1 13.3
20150506.155959 1.717 11.394 231.1 13.6
20150506.165959 1.726 11.394 231.3 13.8
20150506.175959 1.740 11.394 231.7 13.9
20150506.185959 1.758 11.456 232.2 13.9
20150506.195959 1.775 11.646 232.8 13.9
20150506.205959 1.801 12.424 233.5 13.7
20150506.215959 1.813 13.118 234.1 13.6
20150506.225959 1.830 13.734 234.7 13.6
20150506.235959 1.832 13.950 235.2 13.6
