TPAR
20150504.005959 3.743 16.495 262.0 9.9
20150504.015959 3.683 16.495 262.0 9.8
20150504.025959 3.623 16.495 261.9 9.8
20150504.035959 3.569 16.495 261.7 9.8
20150504.045959 3.518 16.495 261.4 10.0
20150504.055959 3.472 16.495 261.0 10.0
20150504.065959 3.429 16.495 260.7 10.1
20150504.075959 3.376 16.495 260.5 10.1
20150504.085959 3.306 16.245 260.3 10.0
20150504.095959 3.228 16.239 260.3 9.9
20150504.105959 3.147 16.239 260.2 9.8
20150504.115959 3.057 15.850 260.0 9.8
20150504.125959 2.975 15.843 259.8 9.8
20150504.135959 2.894 15.484 259.6 9.8
20150504.145959 2.820 15.268 259.4 9.8
20150504.155959 2.747 15.265 259.3 9.8
20150504.165959 2.683 15.143 259.2 9.7
20150504.175959 2.619 15.141 259.1 9.6
20150504.185959 2.559 15.141 259.0 9.6
20150504.195959 2.501 15.141 258.9 9.6
20150504.205959 2.445 15.141 258.7 9.5
20150504.215959 2.391 15.023 258.6 9.5
20150504.225959 2.337 15.019 258.5 9.5
20150504.235959 2.284 15.018 258.4 9.4
20150505.005959 2.228 15.018 258.3 9.4
20150505.015959 2.172 14.816 258.2 9.5
20150505.025959 2.121 14.812 258.0 9.4
20150505.035959 2.069 14.498 257.9 9.4
20150505.045959 2.017 14.173 257.7 9.5
20150505.055959 1.972 14.168 257.5 9.5
20150505.065959 1.930 13.957 257.2 9.5
20150505.075959 1.890 13.833 256.9 9.6
20150505.085959 1.853 13.831 256.6 9.6
20150505.095959 1.818 13.831 256.4 9.6
20150505.105959 1.785 13.741 256.1 9.6
20150505.115959 1.752 13.739 255.9 9.5
20150505.125959 1.721 13.739 255.6 9.5
20150505.135959 1.689 13.739 255.3 9.5
20150505.145959 1.656 13.619 255.0 9.6
20150505.155959 1.622 13.616 254.6 9.7
20150505.165959 1.586 13.415 254.2 9.9
20150505.175959 1.551 13.411 253.8 10.2
20150505.185959 1.513 13.137 253.4 10.4
20150505.195959 1.477 12.877 253.0 10.4
20150505.205959 1.443 12.705 252.8 10.1
20150505.215959 1.412 12.702 252.7 9.8
20150505.225959 1.383 12.602 252.5 9.5
20150505.235959 1.359 12.600 252.4 9.3
20150506.005959 1.338 12.525 252.3 9.2
20150506.015959 1.317 12.523 252.1 9.2
20150506.025959 1.297 12.433 252.0 9.1
20150506.035959 1.278 12.431 251.9 9.0
20150506.045959 1.259 12.292 251.8 8.9
20150506.055959 1.242 12.284 251.7 8.9
20150506.065959 1.226 12.073 251.6 8.8
20150506.075959 1.213 11.839 251.4 8.8
20150506.085959 1.202 11.653 251.3 8.8
20150506.095959 1.194 11.650 251.0 8.9
20150506.105959 1.190 11.534 250.8 9.0
20150506.115959 1.184 11.532 250.6 9.1
20150506.125959 1.180 11.458 250.4 9.2
20150506.135959 1.176 11.457 250.3 9.3
20150506.145959 1.174 11.457 250.3 9.2
20150506.155959 1.177 11.457 250.4 9.1
20150506.165959 1.186 11.457 250.5 9.1
20150506.175959 1.202 11.457 250.7 9.1
20150506.185959 1.221 11.574 251.0 8.9
20150506.195959 1.248 12.274 251.4 8.9
20150506.205959 1.270 12.865 251.8 8.9
20150506.215959 1.296 13.733 252.2 8.9
20150506.225959 1.310 13.955 252.6 8.9
20150506.235959 1.322 14.167 252.9 8.9
