TPAR
20150504.005959 5.681 16.495 236.1 13.3
20150504.015959 5.597 16.495 235.9 13.2
20150504.025959 5.507 16.495 235.7 13.2
20150504.035959 5.415 16.495 235.4 13.1
20150504.045959 5.323 16.495 235.2 13.0
20150504.055959 5.232 16.495 235.1 12.8
20150504.065959 5.140 16.245 234.9 12.7
20150504.075959 5.064 16.239 234.5 12.6
20150504.085959 4.982 16.239 234.1 12.6
20150504.095959 4.888 16.239 233.7 12.7
20150504.105959 4.775 15.850 233.4 12.7
20150504.115959 4.662 15.843 233.1 12.7
20150504.125959 4.549 15.484 232.8 12.8
20150504.135959 4.441 15.478 232.4 12.9
20150504.145959 4.338 15.268 232.1 13.1
20150504.155959 4.236 15.265 231.9 13.1
20150504.165959 4.142 15.143 231.8 13.1
20150504.175959 4.045 15.141 231.7 12.8
20150504.185959 3.954 15.141 231.8 12.6
20150504.195959 3.868 15.141 231.7 12.4
20150504.205959 3.789 15.021 231.7 12.3
20150504.215959 3.710 15.018 231.6 12.2
20150504.225959 3.629 15.018 231.7 11.9
20150504.235959 3.551 15.018 231.7 11.7
20150505.005959 3.474 15.018 231.7 11.5
20150505.015959 3.393 14.816 231.7 11.4
20150505.025959 3.319 14.812 231.6 11.2
20150505.035959 3.243 14.498 231.6 11.1
20150505.045959 3.172 14.173 231.4 10.9
20150505.055959 3.107 14.168 231.2 10.8
20150505.065959 3.045 13.957 230.9 10.7
20150505.075959 2.991 13.833 230.6 10.7
20150505.085959 2.940 13.831 230.2 10.7
20150505.095959 2.893 13.831 229.8 10.8
20150505.105959 2.852 13.741 229.4 10.9
20150505.115959 2.807 13.739 229.1 10.9
20150505.125959 2.763 13.739 228.8 11.0
20150505.135959 2.720 13.739 228.5 11.1
20150505.145959 2.676 13.619 228.2 11.2
20150505.155959 2.629 13.616 227.9 11.4
20150505.165959 2.584 13.616 227.4 11.8
20150505.175959 2.535 13.415 226.9 12.4
20150505.185959 2.485 13.137 226.3 13.2
20150505.195959 2.440 13.119 225.6 14.1
20150505.205959 2.392 12.877 225.1 14.9
20150505.215959 2.346 12.705 224.7 15.2
20150505.225959 2.296 12.602 224.9 14.6
20150505.235959 2.246 12.600 225.1 13.9
20150506.005959 2.204 12.525 225.3 13.2
20150506.015959 2.164 12.523 225.5 12.6
20150506.025959 2.127 12.523 225.6 12.0
20150506.035959 2.092 12.433 225.7 11.4
20150506.045959 2.060 12.431 225.7 10.9
20150506.055959 2.028 12.287 225.7 10.5
20150506.065959 2.002 12.284 225.7 10.3
20150506.075959 1.976 12.073 225.6 10.1
20150506.085959 1.958 11.839 225.3 10.1
20150506.095959 1.949 11.653 224.9 10.3
20150506.105959 1.942 11.534 224.5 10.5
20150506.115959 1.934 11.532 224.0 10.9
20150506.125959 1.932 11.458 223.5 11.4
20150506.135959 1.927 11.457 223.1 11.9
20150506.145959 1.921 11.457 222.8 12.2
20150506.155959 1.914 11.457 222.9 12.3
20150506.165959 1.911 11.457 223.1 12.2
20150506.175959 1.916 11.457 223.4 12.0
20150506.185959 1.930 11.457 223.7 11.8
20150506.195959 1.951 11.531 224.1 11.5
20150506.205959 1.982 12.059 224.4 11.3
20150506.215959 2.015 12.697 224.7 11.1
20150506.225959 2.052 13.606 225.0 11.1
20150506.235959 2.074 13.948 225.3 11.4
