TPAR
20150504.005959 5.034 16.492 246.5 17.7
20150504.015959 4.920 16.495 246.5 17.7
20150504.025959 4.811 16.245 246.4 17.7
20150504.035959 4.720 16.239 246.1 17.8
20150504.045959 4.635 16.239 245.9 17.7
20150504.055959 4.563 16.239 245.6 17.5
20150504.065959 4.497 16.239 245.2 17.4
20150504.075959 4.419 16.239 244.8 17.3
20150504.085959 4.319 15.850 244.6 17.3
20150504.095959 4.216 15.843 244.4 17.3
20150504.105959 4.110 15.843 244.0 17.3
20150504.115959 4.005 15.484 243.6 17.5
20150504.125959 3.907 15.268 243.2 17.6
20150504.135959 3.803 15.265 243.0 17.6
20150504.145959 3.708 15.143 242.9 17.5
20150504.155959 3.610 15.141 242.9 17.3
20150504.165959 3.518 15.141 243.0 16.9
20150504.175959 3.429 15.141 243.1 16.5
20150504.185959 3.350 15.021 243.1 16.2
20150504.195959 3.275 15.018 243.1 16.0
20150504.205959 3.204 15.018 243.0 15.8
20150504.215959 3.135 15.018 242.9 15.6
20150504.225959 3.063 15.018 243.0 15.1
20150504.235959 2.989 14.816 243.1 14.7
20150505.005959 2.922 14.812 243.0 14.5
20150505.015959 2.857 14.812 242.9 14.3
20150505.025959 2.792 14.498 242.8 14.0
20150505.035959 2.731 14.173 242.6 13.8
20150505.045959 2.675 14.168 242.4 13.6
20150505.055959 2.623 13.957 242.1 13.5
20150505.065959 2.576 13.833 241.7 13.4
20150505.075959 2.529 13.831 241.3 13.4
20150505.085959 2.491 13.741 240.7 13.4
20150505.095959 2.452 13.739 240.1 13.6
20150505.105959 2.415 13.739 239.6 13.6
20150505.115959 2.378 13.739 239.2 13.6
20150505.125959 2.342 13.618 238.7 13.7
20150505.135959 2.307 13.616 238.2 13.8
20150505.145959 2.272 13.616 237.6 14.1
20150505.155959 2.234 13.415 236.9 14.7
20150505.165959 2.202 13.411 235.9 15.7
20150505.175959 2.170 13.137 234.7 17.1
20150505.185959 2.138 12.878 233.4 18.8
20150505.195959 2.107 12.705 232.5 20.2
20150505.205959 2.070 12.602 232.1 20.6
20150505.215959 2.025 12.600 232.2 20.0
20150505.225959 1.981 12.525 232.8 18.2
20150505.235959 1.940 12.523 233.4 16.5
20150506.005959 1.903 12.433 233.7 15.2
20150506.015959 1.870 12.431 234.0 14.2
20150506.025959 1.839 12.431 234.2 13.5
20150506.035959 1.808 12.287 234.2 12.9
20150506.045959 1.781 12.073 234.2 12.4
20150506.055959 1.758 12.069 234.2 12.0
20150506.065959 1.737 11.838 234.1 11.7
20150506.075959 1.720 11.653 233.9 11.6
20150506.085959 1.711 11.534 233.7 11.6
20150506.095959 1.705 11.532 233.2 11.7
20150506.105959 1.701 11.458 232.7 12.0
20150506.115959 1.697 11.457 232.3 12.4
20150506.125959 1.695 11.395 231.8 12.9
20150506.135959 1.693 11.394 231.3 13.5
20150506.145959 1.691 11.394 231.0 14.0
20150506.155959 1.691 11.394 231.0 14.4
20150506.165959 1.695 11.394 231.3 14.7
20150506.175959 1.704 11.394 231.7 14.8
20150506.185959 1.717 11.394 232.3 14.8
20150506.195959 1.728 11.530 233.0 14.6
20150506.205959 1.747 12.059 233.8 14.4
20150506.215959 1.763 12.596 234.4 14.4
20150506.225959 1.776 13.398 235.1 14.3
20150506.235959 1.788 13.736 235.6 14.5
