TPAR
20150504.005959 5.418 16.239 240.9 15.2
20150504.015959 5.320 16.239 240.7 15.3
20150504.025959 5.219 16.239 240.5 15.2
20150504.035959 5.123 16.239 240.3 15.2
20150504.045959 5.028 16.239 240.1 15.2
20150504.055959 4.938 16.239 239.9 14.9
20150504.065959 4.858 16.239 239.6 14.7
20150504.075959 4.783 16.224 239.2 14.7
20150504.085959 4.691 15.850 238.7 14.8
20150504.095959 4.589 15.843 238.4 14.8
20150504.105959 4.478 15.538 238.0 14.8
20150504.115959 4.368 15.479 237.7 14.9
20150504.125959 4.263 15.268 237.3 15.0
20150504.135959 4.157 15.265 236.9 15.2
20150504.145959 4.061 15.143 236.6 15.4
20150504.155959 3.958 15.141 236.5 15.3
20150504.165959 3.860 15.141 236.4 15.1
20150504.175959 3.764 15.141 236.5 14.7
20150504.185959 3.677 15.021 236.6 14.3
20150504.195959 3.595 15.018 236.6 14.1
20150504.205959 3.517 15.018 236.5 13.9
20150504.215959 3.441 15.018 236.4 13.7
20150504.225959 3.365 15.018 236.5 13.3
20150504.235959 3.287 14.816 236.5 13.0
20150505.005959 3.215 14.812 236.5 12.8
20150505.015959 3.145 14.802 236.5 12.6
20150505.025959 3.073 14.498 236.4 12.4
20150505.035959 3.007 14.173 236.2 12.2
20150505.045959 2.946 14.168 236.0 12.0
20150505.055959 2.888 13.957 235.7 11.9
20150505.065959 2.837 13.833 235.4 11.7
20150505.075959 2.786 13.831 234.9 11.7
20150505.085959 2.744 13.741 234.4 11.8
20150505.095959 2.701 13.739 233.9 11.9
20150505.105959 2.660 13.739 233.5 12.0
20150505.115959 2.619 13.739 233.1 12.0
20150505.125959 2.579 13.618 232.7 12.0
20150505.135959 2.540 13.616 232.4 12.1
20150505.145959 2.501 13.616 231.9 12.2
20150505.155959 2.457 13.415 231.5 12.5
20150505.165959 2.417 13.411 230.9 13.1
20150505.175959 2.376 13.137 230.1 13.9
20150505.185959 2.338 12.877 229.2 14.9
20150505.195959 2.299 12.865 228.3 16.0
20150505.205959 2.261 12.705 227.6 16.8
20150505.215959 2.221 12.602 227.3 17.2
20150505.225959 2.172 12.600 227.5 16.3
20150505.235959 2.130 12.525 227.9 15.2
20150506.005959 2.089 12.523 228.2 14.3
20150506.015959 2.050 12.433 228.4 13.3
20150506.025959 2.015 12.431 228.6 12.5
20150506.035959 1.982 12.431 228.7 11.7
20150506.045959 1.951 12.287 228.8 11.2
20150506.055959 1.922 12.073 228.8 10.8
20150506.065959 1.897 12.069 228.7 10.5
20150506.075959 1.877 11.839 228.6 10.5
20150506.085959 1.865 11.653 228.3 10.5
20150506.095959 1.858 11.534 227.8 10.7
20150506.105959 1.852 11.532 227.3 10.9
20150506.115959 1.848 11.458 226.8 11.4
20150506.125959 1.846 11.457 226.2 11.9
20150506.135959 1.841 11.457 225.7 12.5
20150506.145959 1.836 11.395 225.5 12.8
20150506.155959 1.830 11.394 225.6 12.9
20150506.165959 1.826 11.394 225.8 13.0
20150506.175959 1.829 11.394 226.2 12.9
20150506.185959 1.839 11.394 226.7 12.8
20150506.195959 1.852 11.456 227.2 12.6
20150506.205959 1.870 11.531 227.7 12.3
20150506.215959 1.893 12.273 228.2 12.2
20150506.225959 1.910 12.697 228.7 12.2
20150506.235959 1.931 13.598 229.1 12.6
