TPAR
20150504.005959 5.178 16.642 241.1 9.6
20150504.015959 5.125 16.498 241.0 9.6
20150504.025959 5.059 16.495 240.9 9.5
20150504.035959 4.983 16.495 240.8 9.5
20150504.045959 4.904 16.495 240.7 9.4
20150504.055959 4.823 16.495 240.6 9.4
20150504.065959 4.740 16.495 240.5 9.3
20150504.075959 4.656 16.495 240.2 9.3
20150504.085959 4.580 16.495 239.9 9.4
20150504.095959 4.492 16.245 239.7 9.5
20150504.105959 4.388 16.239 239.5 9.6
20150504.115959 4.282 16.239 239.4 9.5
20150504.125959 4.165 15.850 239.3 9.5
20150504.135959 4.056 15.843 239.1 9.5
20150504.145959 3.948 15.484 238.9 9.6
20150504.155959 3.849 15.268 238.8 9.6
20150504.165959 3.753 15.265 238.7 9.6
20150504.175959 3.660 15.265 238.6 9.4
20150504.185959 3.582 15.143 238.6 9.2
20150504.195959 3.502 15.141 238.5 9.2
20150504.205959 3.424 15.141 238.5 9.1
20150504.215959 3.350 15.141 238.4 9.0
20150504.225959 3.276 15.141 238.4 8.9
20150504.235959 3.206 15.021 238.4 8.8
20150505.005959 3.136 15.018 238.4 8.7
20150505.015959 3.064 15.018 238.3 8.7
20150505.025959 2.994 15.018 238.2 8.7
20150505.035959 2.922 14.816 238.1 8.6
20150505.045959 2.855 14.812 237.9 8.6
20150505.055959 2.787 14.498 237.7 8.7
20150505.065959 2.723 14.173 237.5 8.7
20150505.075959 2.666 14.102 237.3 8.7
20150505.085959 2.615 13.956 237.0 8.8
20150505.095959 2.570 13.833 236.6 8.9
20150505.105959 2.523 13.831 236.4 9.0
20150505.115959 2.478 13.831 236.2 9.0
20150505.125959 2.436 13.741 236.0 9.0
20150505.135959 2.393 13.739 235.8 9.0
20150505.145959 2.348 13.739 235.6 9.0
20150505.155959 2.301 13.739 235.5 9.0
20150505.165959 2.252 13.713 235.3 9.0
20150505.175959 2.202 13.618 235.1 9.1
20150505.185959 2.152 13.616 234.9 9.2
20150505.195959 2.100 13.415 234.7 9.5
20150505.205959 2.048 13.137 234.4 9.7
20150505.215959 1.999 13.132 234.1 10.0
20150505.225959 1.951 12.877 233.9 10.0
20150505.235959 1.909 12.705 233.8 9.9
20150506.005959 1.872 12.602 233.6 9.9
20150506.015959 1.837 12.600 233.5 9.6
20150506.025959 1.803 12.600 233.5 9.2
20150506.035959 1.774 12.525 233.5 8.7
20150506.045959 1.744 12.523 233.4 8.4
20150506.055959 1.718 12.523 233.4 8.2
20150506.065959 1.694 12.433 233.3 8.3
20150506.075959 1.673 12.431 233.1 8.4
20150506.085959 1.655 12.287 232.8 8.6
20150506.095959 1.639 12.073 232.5 8.9
20150506.105959 1.625 11.839 232.2 9.0
20150506.115959 1.613 11.653 232.0 9.2
20150506.125959 1.604 11.650 231.7 9.4
20150506.135959 1.596 11.534 231.5 9.4
20150506.145959 1.587 11.532 231.5 9.4
20150506.155959 1.581 11.458 231.5 9.2
20150506.165959 1.577 11.457 231.6 9.0
20150506.175959 1.581 11.457 231.8 8.9
20150506.185959 1.595 11.457 231.9 8.7
20150506.195959 1.614 11.531 232.1 8.5
20150506.205959 1.643 11.829 232.3 8.4
20150506.215959 1.682 12.595 232.5 8.2
20150506.225959 1.722 13.605 232.8 8.1
20150506.235959 1.754 13.949 233.0 8.2
