TPAR
20150504.005959 5.760 16.495 236.4 12.7
20150504.015959 5.694 16.495 236.2 12.6
20150504.025959 5.620 16.495 236.0 12.6
20150504.035959 5.536 16.495 235.8 12.6
20150504.045959 5.447 16.495 235.6 12.5
20150504.055959 5.358 16.495 235.5 12.4
20150504.065959 5.271 16.495 235.3 12.3
20150504.075959 5.189 16.495 235.1 12.2
20150504.085959 5.103 16.245 234.7 12.2
20150504.095959 5.017 16.239 234.3 12.3
20150504.105959 4.919 16.239 233.9 12.3
20150504.115959 4.801 15.850 233.7 12.4
20150504.125959 4.687 15.843 233.4 12.4
20150504.135959 4.574 15.484 233.1 12.5
20150504.145959 4.466 15.478 232.7 12.7
20150504.155959 4.365 15.268 232.5 12.8
20150504.165959 4.263 15.265 232.3 12.7
20150504.175959 4.173 15.143 232.2 12.6
20150504.185959 4.080 15.141 232.2 12.3
20150504.195959 3.993 15.141 232.2 12.1
20150504.205959 3.909 15.141 232.2 11.9
20150504.215959 3.827 15.141 232.1 11.8
20150504.225959 3.747 15.021 232.1 11.6
20150504.235959 3.667 15.018 232.1 11.4
20150505.005959 3.587 15.018 232.1 11.2
20150505.015959 3.509 15.018 232.0 11.2
20150505.025959 3.427 14.816 231.9 11.0
20150505.035959 3.349 14.812 231.8 10.9
20150505.045959 3.270 14.498 231.6 10.8
20150505.055959 3.196 14.173 231.4 10.8
20150505.065959 3.130 14.168 231.1 10.8
20150505.075959 3.068 13.957 230.8 10.8
20150505.085959 3.017 13.833 230.4 10.8
20150505.095959 2.966 13.831 230.0 10.9
20150505.105959 2.919 13.831 229.7 10.9
20150505.115959 2.875 13.741 229.4 11.0
20150505.125959 2.828 13.739 229.1 11.0
20150505.135959 2.783 13.739 228.9 11.1
20150505.145959 2.736 13.739 228.6 11.2
20150505.155959 2.684 13.619 228.4 11.3
20150505.165959 2.633 13.616 228.1 11.4
20150505.175959 2.580 13.616 227.8 11.6
20150505.185959 2.524 13.415 227.5 11.9
20150505.195959 2.469 13.137 227.0 12.4
20150505.205959 2.416 12.877 226.6 12.9
20150505.215959 2.365 12.873 226.1 13.4
20150505.225959 2.314 12.705 225.9 13.4
20150505.235959 2.269 12.602 225.9 13.3
20150506.005959 2.224 12.600 225.8 13.1
20150506.015959 2.185 12.525 225.8 12.7
20150506.025959 2.145 12.523 225.9 12.1
20150506.035959 2.110 12.523 225.9 11.5
20150506.045959 2.076 12.433 225.9 11.0
20150506.055959 2.046 12.431 225.9 10.6
20150506.065959 2.015 12.287 225.9 10.3
20150506.075959 1.992 12.284 225.7 10.2
20150506.085959 1.972 12.073 225.3 10.4
20150506.095959 1.959 11.839 224.9 10.6
20150506.105959 1.948 11.653 224.5 10.8
20150506.115959 1.938 11.534 224.1 11.1
20150506.125959 1.930 11.532 223.7 11.5
20150506.135959 1.925 11.458 223.4 11.7
20150506.145959 1.917 11.457 223.3 11.9
20150506.155959 1.910 11.457 223.4 11.7
20150506.165959 1.907 11.457 223.6 11.5
20150506.175959 1.914 11.457 223.9 11.3
20150506.185959 1.932 11.457 224.2 11.1
20150506.195959 1.958 11.531 224.4 10.9
20150506.205959 1.997 12.059 224.8 10.7
20150506.215959 2.039 12.697 225.1 10.6
20150506.225959 2.088 13.732 225.4 10.5
20150506.235959 2.121 13.950 225.7 10.6
