TPAR
20150504.005959 5.022 16.239 246.5 17.7
20150504.015959 4.910 16.239 246.5 17.8
20150504.025959 4.807 16.239 246.4 17.8
20150504.035959 4.714 16.239 246.1 17.9
20150504.045959 4.628 16.239 245.9 17.8
20150504.055959 4.554 16.239 245.7 17.6
20150504.065959 4.488 16.239 245.2 17.5
20150504.075959 4.412 16.239 244.9 17.5
20150504.085959 4.314 15.850 244.6 17.5
20150504.095959 4.209 15.843 244.4 17.4
20150504.105959 4.103 15.843 244.1 17.5
20150504.115959 3.999 15.484 243.7 17.6
20150504.125959 3.900 15.268 243.3 17.8
20150504.135959 3.798 15.265 243.0 17.8
20150504.145959 3.703 15.143 242.9 17.8
20150504.155959 3.605 15.141 242.9 17.6
20150504.165959 3.511 15.141 242.9 17.2
20150504.175959 3.422 15.141 243.1 16.8
20150504.185959 3.342 15.021 243.1 16.4
20150504.195959 3.266 15.018 243.1 16.2
20150504.205959 3.196 15.018 243.0 16.0
20150504.215959 3.126 15.018 242.9 15.8
20150504.225959 3.054 15.018 243.0 15.4
20150504.235959 2.981 14.816 243.1 14.9
20150505.005959 2.915 14.812 243.1 14.7
20150505.015959 2.851 14.812 243.0 14.5
20150505.025959 2.785 14.498 242.9 14.2
20150505.035959 2.724 14.173 242.7 14.0
20150505.045959 2.669 14.168 242.4 13.7
20150505.055959 2.617 13.957 242.1 13.6
20150505.065959 2.571 13.833 241.8 13.5
20150505.075959 2.524 13.831 241.3 13.5
20150505.085959 2.485 13.741 240.8 13.6
20150505.095959 2.447 13.739 240.2 13.7
20150505.105959 2.409 13.739 239.7 13.7
20150505.115959 2.372 13.739 239.2 13.8
20150505.125959 2.336 13.618 238.8 13.8
20150505.135959 2.301 13.616 238.3 14.0
20150505.145959 2.268 13.616 237.7 14.2
20150505.155959 2.230 13.415 237.0 14.7
20150505.165959 2.197 13.411 236.0 15.7
20150505.175959 2.166 13.137 234.8 17.1
20150505.185959 2.134 12.878 233.5 18.8
20150505.195959 2.103 12.705 232.5 20.3
20150505.205959 2.068 12.602 232.1 20.9
20150505.215959 2.025 12.600 232.2 20.4
20150505.225959 1.981 12.525 232.7 18.7
20150505.235959 1.938 12.523 233.3 16.9
20150506.005959 1.901 12.433 233.7 15.6
20150506.015959 1.868 12.431 233.9 14.5
20150506.025959 1.839 12.431 234.1 13.6
20150506.035959 1.808 12.287 234.2 13.0
20150506.045959 1.779 12.073 234.2 12.5
20150506.055959 1.757 12.069 234.2 12.1
20150506.065959 1.735 11.839 234.1 11.9
20150506.075959 1.720 11.653 233.9 11.7
20150506.085959 1.709 11.534 233.6 11.7
20150506.095959 1.703 11.532 233.2 11.9
20150506.105959 1.701 11.458 232.7 12.2
20150506.115959 1.695 11.457 232.2 12.6
20150506.125959 1.695 11.395 231.6 13.2
20150506.135959 1.693 11.394 231.2 13.8
20150506.145959 1.689 11.394 230.9 14.4
20150506.155959 1.688 11.394 230.9 14.6
20150506.165959 1.690 11.394 231.2 14.9
20150506.175959 1.697 11.394 231.7 15.1
20150506.185959 1.707 11.394 232.3 15.0
20150506.195959 1.719 11.456 233.0 14.8
20150506.205959 1.732 11.827 233.7 14.6
20150506.215959 1.754 12.518 234.4 14.6
20150506.225959 1.760 13.119 235.0 14.6
20150506.235959 1.774 13.734 235.6 14.8
