TPAR
20150504.005959 4.676 16.495 251.6 15.6
20150504.015959 4.569 16.495 251.7 15.5
20150504.025959 4.476 16.495 251.6 15.5
20150504.035959 4.400 16.495 251.3 15.6
20150504.045959 4.332 16.495 250.9 15.6
20150504.055959 4.267 16.245 250.5 15.5
20150504.065959 4.215 16.239 250.1 15.5
20150504.075959 4.147 16.239 249.7 15.5
20150504.085959 4.058 16.239 249.6 15.4
20150504.095959 3.951 15.850 249.5 15.3
20150504.105959 3.851 15.843 249.3 15.3
20150504.115959 3.753 15.484 248.9 15.4
20150504.125959 3.657 15.478 248.6 15.4
20150504.135959 3.563 15.268 248.5 15.4
20150504.145959 3.468 15.265 248.4 15.2
20150504.155959 3.383 15.143 248.4 14.9
20150504.165959 3.299 15.141 248.4 14.6
20150504.175959 3.218 15.141 248.5 14.3
20150504.185959 3.144 15.141 248.5 14.1
20150504.195959 3.078 15.021 248.5 13.9
20150504.205959 3.011 15.018 248.4 13.7
20150504.215959 2.946 15.018 248.3 13.6
20150504.225959 2.881 15.018 248.3 13.3
20150504.235959 2.815 15.018 248.3 13.0
20150505.005959 2.750 14.816 248.2 12.8
20150505.015959 2.688 14.812 248.1 12.6
20150505.025959 2.627 14.498 248.0 12.4
20150505.035959 2.572 14.492 247.8 12.3
20150505.045959 2.517 14.173 247.6 12.2
20150505.055959 2.469 13.957 247.3 12.1
20150505.065959 2.425 13.833 246.9 12.1
20150505.075959 2.382 13.831 246.5 12.1
20150505.085959 2.341 13.831 246.0 12.2
20150505.095959 2.305 13.741 245.5 12.2
20150505.105959 2.266 13.739 245.1 12.2
20150505.115959 2.229 13.739 244.7 12.2
20150505.125959 2.193 13.618 244.3 12.3
20150505.135959 2.158 13.616 243.8 12.5
20150505.145959 2.123 13.616 243.2 12.8
20150505.155959 2.086 13.415 242.5 13.5
20150505.165959 2.053 13.411 241.6 14.4
20150505.175959 2.016 13.137 240.7 15.5
20150505.185959 1.978 12.877 239.8 16.6
20150505.195959 1.940 12.705 239.3 17.0
20150505.205959 1.898 12.681 239.2 16.7
20150505.215959 1.858 12.601 239.4 15.7
20150505.225959 1.822 12.525 239.7 14.3
20150505.235959 1.787 12.523 240.0 13.2
20150506.005959 1.756 12.523 240.1 12.5
20150506.015959 1.727 12.433 240.1 11.9
20150506.025959 1.701 12.431 240.1 11.4
20150506.035959 1.674 12.287 240.1 11.1
20150506.045959 1.651 12.251 240.0 10.8
20150506.055959 1.629 12.072 239.9 10.7
20150506.065959 1.609 11.839 239.8 10.5
20150506.075959 1.595 11.653 239.7 10.5
20150506.085959 1.586 11.534 239.4 10.5
20150506.095959 1.581 11.532 238.9 10.7
20150506.105959 1.579 11.458 238.4 11.1
20150506.115959 1.575 11.457 238.0 11.6
20150506.125959 1.571 11.457 237.6 12.1
20150506.135959 1.571 11.395 237.3 12.5
20150506.145959 1.569 11.394 237.2 12.8
20150506.155959 1.571 11.394 237.4 12.8
20150506.165959 1.579 11.394 237.7 12.9
20150506.175959 1.594 11.445 238.1 12.8
20150506.185959 1.612 11.516 238.7 12.7
20150506.195959 1.633 11.828 239.3 12.6
20150506.205959 1.658 12.595 239.9 12.4
20150506.215959 1.678 13.398 240.5 12.3
20150506.225959 1.692 13.828 241.0 12.3
20150506.235959 1.699 13.951 241.5 12.5
