TPAR
20150504.005959 5.571 16.495 238.6 14.2
20150504.015959 5.478 16.495 238.4 14.2
20150504.025959 5.380 16.495 238.2 14.2
20150504.035959 5.282 16.495 238.0 14.1
20150504.045959 5.187 16.487 237.8 14.1
20150504.055959 5.088 16.245 237.6 13.9
20150504.065959 5.004 16.239 237.4 13.7
20150504.075959 4.927 16.239 237.0 13.7
20150504.085959 4.842 16.239 236.5 13.7
20150504.095959 4.734 15.850 236.2 13.7
20150504.105959 4.625 15.843 235.8 13.8
20150504.115959 4.511 15.484 235.5 13.8
20150504.125959 4.398 15.478 235.1 13.9
20150504.135959 4.296 15.268 234.7 14.1
20150504.145959 4.189 15.265 234.4 14.2
20150504.155959 4.092 15.143 234.3 14.1
20150504.165959 3.991 15.141 234.2 13.9
20150504.175959 3.893 15.141 234.3 13.6
20150504.185959 3.801 15.141 234.3 13.2
20150504.195959 3.718 15.021 234.3 13.0
20150504.205959 3.638 15.018 234.3 12.8
20150504.215959 3.560 15.018 234.2 12.6
20150504.225959 3.482 15.018 234.3 12.3
20150504.235959 3.405 15.018 234.3 12.1
20150505.005959 3.327 14.816 234.3 11.9
20150505.015959 3.254 14.812 234.3 11.8
20150505.025959 3.180 14.498 234.2 11.6
20150505.035959 3.112 14.492 234.0 11.5
20150505.045959 3.046 14.173 233.9 11.3
20150505.055959 2.985 13.957 233.6 11.2
20150505.065959 2.926 13.954 233.3 11.1
20150505.075959 2.877 13.833 232.9 11.1
20150505.085959 2.827 13.831 232.5 11.2
20150505.095959 2.788 13.741 232.0 11.3
20150505.105959 2.745 13.739 231.6 11.4
20150505.115959 2.702 13.739 231.2 11.4
20150505.125959 2.661 13.739 230.9 11.4
20150505.135959 2.619 13.618 230.6 11.5
20150505.145959 2.578 13.616 230.2 11.6
20150505.155959 2.535 13.616 229.8 11.9
20150505.165959 2.488 13.415 229.3 12.3
20150505.175959 2.444 13.289 228.7 12.9
20150505.185959 2.402 13.135 227.9 13.7
20150505.195959 2.360 12.877 227.1 14.6
20150505.205959 2.318 12.705 226.5 15.3
20150505.215959 2.276 12.602 226.2 15.6
20150505.225959 2.227 12.600 226.4 15.0
20150505.235959 2.183 12.525 226.7 14.1
20150506.005959 2.140 12.523 226.9 13.4
20150506.015959 2.101 12.523 227.2 12.6
20150506.025959 2.066 12.433 227.3 11.9
20150506.035959 2.033 12.431 227.4 11.4
20150506.045959 2.000 12.287 227.5 10.9
20150506.055959 1.973 12.284 227.5 10.5
20150506.065959 1.946 12.073 227.4 10.3
20150506.075959 1.924 11.839 227.3 10.2
20150506.085959 1.910 11.653 227.0 10.3
20150506.095959 1.902 11.590 226.5 10.5
20150506.105959 1.897 11.533 226.1 10.7
20150506.115959 1.891 11.458 225.6 11.1
20150506.125959 1.889 11.457 225.0 11.6
20150506.135959 1.885 11.457 224.5 12.1
20150506.145959 1.877 11.457 224.3 12.3
20150506.155959 1.873 11.395 224.4 12.4
20150506.165959 1.869 11.394 224.7 12.2
20150506.175959 1.871 11.394 225.0 12.1
20150506.185959 1.883 11.394 225.4 12.0
20150506.195959 1.900 11.456 225.8 11.9
20150506.205959 1.920 11.653 226.3 11.6
20150506.215959 1.952 12.483 226.7 11.5
20150506.225959 1.969 13.118 227.1 11.5
20150506.235959 1.995 13.734 227.5 11.9
