TPAR
20150504.005959 5.655 16.495 237.5 13.8
20150504.015959 5.567 16.495 237.2 13.7
20150504.025959 5.472 16.495 237.1 13.6
20150504.035959 5.378 16.495 236.8 13.6
20150504.045959 5.283 16.495 236.6 13.5
20150504.055959 5.184 16.245 236.5 13.3
20150504.065959 5.099 16.239 236.3 13.1
20150504.075959 5.023 16.239 235.9 13.1
20150504.085959 4.940 16.239 235.5 13.1
20150504.095959 4.843 16.224 235.1 13.1
20150504.105959 4.730 15.850 234.7 13.1
20150504.115959 4.615 15.843 234.4 13.1
20150504.125959 4.501 15.484 234.1 13.2
20150504.135959 4.398 15.268 233.7 13.4
20150504.145959 4.291 15.265 233.4 13.5
20150504.155959 4.194 15.143 233.3 13.4
20150504.165959 4.092 15.141 233.2 13.3
20150504.175959 3.995 15.141 233.2 13.0
20150504.185959 3.904 15.141 233.2 12.8
20150504.195959 3.819 15.141 233.2 12.6
20150504.205959 3.740 15.021 233.1 12.5
20150504.215959 3.662 15.018 233.0 12.4
20150504.225959 3.582 15.018 233.1 12.1
20150504.235959 3.504 15.018 233.1 11.9
20150505.005959 3.424 14.816 233.1 11.7
20150505.015959 3.349 14.812 233.1 11.6
20150505.025959 3.277 14.803 233.0 11.4
20150505.035959 3.203 14.498 232.9 11.3
20150505.045959 3.133 14.173 232.7 11.1
20150505.055959 3.071 13.957 232.5 11.1
20150505.065959 3.009 13.954 232.2 11.0
20150505.075959 2.957 13.833 231.8 10.9
20150505.085959 2.907 13.831 231.4 11.0
20150505.095959 2.865 13.741 230.9 11.1
20150505.105959 2.820 13.739 230.5 11.1
20150505.115959 2.777 13.739 230.2 11.2
20150505.125959 2.734 13.739 229.9 11.2
20150505.135959 2.692 13.618 229.6 11.3
20150505.145959 2.648 13.616 229.3 11.4
20150505.155959 2.604 13.616 228.9 11.6
20150505.165959 2.553 13.415 228.5 11.9
20150505.175959 2.508 13.411 227.9 12.5
20150505.185959 2.462 13.137 227.2 13.3
20150505.195959 2.417 12.878 226.5 14.3
20150505.205959 2.374 12.705 225.9 15.1
20150505.215959 2.328 12.702 225.5 15.6
20150505.225959 2.280 12.602 225.6 15.0
20150505.235959 2.231 12.600 225.9 14.1
20150506.005959 2.191 12.525 226.2 13.3
20150506.015959 2.150 12.523 226.3 12.7
20150506.025959 2.115 12.433 226.5 12.0
20150506.035959 2.080 12.431 226.5 11.5
20150506.045959 2.049 12.431 226.6 11.0
20150506.055959 2.018 12.287 226.6 10.6
20150506.065959 1.989 12.073 226.5 10.3
20150506.075959 1.966 11.839 226.4 10.2
20150506.085959 1.950 11.827 226.1 10.2
20150506.095959 1.942 11.653 225.7 10.4
20150506.105959 1.935 11.534 225.3 10.6
20150506.115959 1.927 11.528 224.8 10.9
20150506.125959 1.924 11.458 224.3 11.4
20150506.135959 1.921 11.457 223.9 11.8
20150506.145959 1.915 11.457 223.6 12.2
20150506.155959 1.909 11.457 223.7 12.2
20150506.165959 1.908 11.395 223.9 12.3
20150506.175959 1.913 11.394 224.2 12.2
20150506.185959 1.924 11.456 224.6 12.0
20150506.195959 1.943 11.531 225.0 11.8
20150506.205959 1.970 11.829 225.4 11.6
20150506.215959 2.004 12.595 225.8 11.4
20150506.225959 2.032 13.398 226.2 11.3
20150506.235959 2.057 13.828 226.5 11.6
