TPAR
20150504.005959 5.756 16.495 235.1 12.9
20150504.015959 5.678 16.495 234.8 12.8
20150504.025959 5.591 16.495 234.5 12.8
20150504.035959 5.500 16.495 234.3 12.7
20150504.045959 5.408 16.495 234.1 12.6
20150504.055959 5.317 16.495 233.9 12.5
20150504.065959 5.231 16.495 233.7 12.3
20150504.075959 5.145 16.245 233.5 12.2
20150504.085959 5.065 16.239 233.1 12.3
20150504.095959 4.973 16.239 232.7 12.3
20150504.105959 4.862 15.850 232.3 12.4
20150504.115959 4.749 15.843 232.0 12.4
20150504.125959 4.634 15.484 231.8 12.5
20150504.135959 4.526 15.478 231.4 12.6
20150504.145959 4.423 15.268 231.1 12.8
20150504.155959 4.319 15.265 230.8 12.8
20150504.165959 4.227 15.143 230.6 12.8
20150504.175959 4.129 15.141 230.5 12.7
20150504.185959 4.037 15.141 230.6 12.4
20150504.195959 3.950 15.141 230.5 12.2
20150504.205959 3.868 15.141 230.5 12.1
20150504.215959 3.790 15.021 230.4 11.9
20150504.225959 3.709 15.018 230.4 11.7
20150504.235959 3.629 15.018 230.5 11.5
20150505.005959 3.551 15.018 230.5 11.4
20150505.015959 3.469 14.816 230.4 11.2
20150505.025959 3.393 14.812 230.4 11.1
20150505.035959 3.314 14.498 230.3 10.9
20150505.045959 3.242 14.492 230.1 10.8
20150505.055959 3.172 14.173 229.9 10.7
20150505.065959 3.110 13.957 229.7 10.7
20150505.075959 3.055 13.833 229.4 10.6
20150505.085959 3.002 13.831 229.1 10.7
20150505.095959 2.952 13.831 228.7 10.7
20150505.105959 2.911 13.741 228.3 10.8
20150505.115959 2.864 13.739 228.0 10.8
20150505.125959 2.820 13.739 227.7 10.9
20150505.135959 2.775 13.739 227.4 10.9
20150505.145959 2.728 13.619 227.2 11.0
20150505.155959 2.680 13.616 226.9 11.2
20150505.165959 2.631 13.616 226.6 11.5
20150505.175959 2.577 13.415 226.2 11.9
20150505.185959 2.525 13.137 225.7 12.4
20150505.195959 2.477 13.132 225.1 13.1
20150505.205959 2.428 12.877 224.6 13.8
20150505.215959 2.382 12.705 224.1 14.4
20150505.225959 2.333 12.602 224.0 14.2
20150505.235959 2.284 12.600 224.1 13.7
20150506.005959 2.243 12.525 224.2 13.4
20150506.015959 2.201 12.523 224.4 12.9
20150506.025959 2.162 12.523 224.5 12.2
20150506.035959 2.127 12.433 224.6 11.5
20150506.045959 2.094 12.431 224.7 11.0
20150506.055959 2.061 12.287 224.7 10.5
20150506.065959 2.032 12.284 224.7 10.2
20150506.075959 2.007 12.073 224.5 10.1
20150506.085959 1.989 11.839 224.3 10.1
20150506.095959 1.979 11.653 223.9 10.3
20150506.105959 1.971 11.534 223.6 10.5
20150506.115959 1.962 11.532 223.1 10.8
20150506.125959 1.960 11.458 222.6 11.3
20150506.135959 1.954 11.457 222.2 11.6
20150506.145959 1.946 11.457 222.0 11.9
20150506.155959 1.939 11.457 222.1 11.9
20150506.165959 1.937 11.457 222.3 11.7
20150506.175959 1.943 11.457 222.5 11.5
20150506.185959 1.960 11.457 222.8 11.4
20150506.195959 1.984 11.531 223.0 11.2
20150506.205959 2.018 12.059 223.3 10.9
20150506.215959 2.056 12.700 223.6 10.7
20150506.225959 2.098 13.732 223.9 10.7
20150506.235959 2.125 13.950 224.1 10.9
