TPAR
20150504.005959 5.496 16.495 239.6 14.7
20150504.015959 5.400 16.495 239.4 14.7
20150504.025959 5.299 16.475 239.3 14.7
20150504.035959 5.194 16.244 239.0 14.7
20150504.045959 5.097 16.239 238.8 14.6
20150504.055959 5.007 16.239 238.6 14.4
20150504.065959 4.924 16.239 238.3 14.2
20150504.075959 4.848 16.239 237.9 14.2
20150504.085959 4.755 15.850 237.5 14.2
20150504.095959 4.653 15.843 237.1 14.3
20150504.105959 4.544 15.843 236.8 14.3
20150504.115959 4.430 15.484 236.4 14.4
20150504.125959 4.319 15.465 236.0 14.5
20150504.135959 4.217 15.268 235.6 14.6
20150504.145959 4.113 15.249 235.3 14.7
20150504.155959 4.015 15.143 235.2 14.7
20150504.165959 3.916 15.141 235.1 14.6
20150504.175959 3.818 15.141 235.2 14.2
20150504.185959 3.729 15.021 235.2 13.8
20150504.195959 3.645 15.018 235.2 13.6
20150504.205959 3.567 15.018 235.2 13.4
20150504.215959 3.491 15.018 235.1 13.2
20150504.225959 3.413 15.018 235.1 12.9
20150504.235959 3.335 14.816 235.2 12.6
20150505.005959 3.261 14.812 235.2 12.4
20150505.015959 3.191 14.812 235.1 12.2
20150505.025959 3.117 14.498 235.0 12.0
20150505.035959 3.049 14.173 234.9 11.8
20150505.045959 2.987 14.168 234.7 11.7
20150505.055959 2.929 13.957 234.5 11.5
20150505.065959 2.876 13.833 234.1 11.4
20150505.075959 2.824 13.831 233.7 11.4
20150505.085959 2.778 13.821 233.2 11.5
20150505.095959 2.738 13.740 232.8 11.6
20150505.105959 2.695 13.739 232.3 11.6
20150505.115959 2.654 13.739 232.0 11.6
20150505.125959 2.612 13.618 231.6 11.7
20150505.135959 2.573 13.616 231.3 11.7
20150505.145959 2.532 13.616 230.9 11.9
20150505.155959 2.488 13.415 230.5 12.2
20150505.165959 2.446 13.411 229.9 12.7
20150505.175959 2.404 13.137 229.2 13.4
20150505.185959 2.364 12.877 228.3 14.4
20150505.195959 2.326 12.873 227.5 15.4
20150505.205959 2.286 12.705 226.8 16.2
20150505.215959 2.246 12.602 226.5 16.6
20150505.225959 2.197 12.600 226.7 15.7
20150505.235959 2.152 12.525 227.1 14.7
20150506.005959 2.111 12.523 227.4 13.8
20150506.015959 2.074 12.523 227.6 12.9
20150506.025959 2.039 12.433 227.8 12.2
20150506.035959 2.006 12.431 227.9 11.5
20150506.045959 1.973 12.287 228.0 11.0
20150506.055959 1.946 12.264 228.0 10.5
20150506.065959 1.919 12.073 228.0 10.3
20150506.075959 1.899 11.839 227.8 10.3
20150506.085959 1.885 11.653 227.5 10.3
20150506.095959 1.878 11.534 227.1 10.5
20150506.105959 1.872 11.532 226.6 10.7
20150506.115959 1.868 11.458 226.1 11.1
20150506.125959 1.866 11.457 225.5 11.7
20150506.135959 1.862 11.457 225.0 12.3
20150506.145959 1.856 11.395 224.8 12.6
20150506.155959 1.850 11.394 224.9 12.7
20150506.165959 1.846 11.394 225.1 12.6
20150506.175959 1.848 11.394 225.5 12.5
20150506.185959 1.858 11.394 225.9 12.4
20150506.195959 1.872 11.456 226.3 12.2
20150506.205959 1.891 11.646 226.8 11.9
20150506.215959 1.917 12.416 227.2 11.8
20150506.225959 1.932 12.865 227.7 11.8
20150506.235959 1.956 13.608 228.0 12.2
