TPAR
20150504.005959 5.182 16.239 244.0 16.4
20150504.015959 5.079 16.239 243.9 16.4
20150504.025959 4.977 16.239 243.7 16.4
20150504.035959 4.882 16.239 243.5 16.4
20150504.045959 4.792 16.239 243.3 16.3
20150504.055959 4.707 16.239 243.1 16.2
20150504.065959 4.634 16.239 242.7 16.0
20150504.075959 4.560 16.239 242.3 16.0
20150504.085959 4.463 15.850 242.0 15.9
20150504.095959 4.359 15.843 241.7 15.9
20150504.105959 4.252 15.824 241.4 16.0
20150504.115959 4.142 15.484 241.1 16.1
20150504.125959 4.041 15.268 240.7 16.3
20150504.135959 3.937 15.265 240.4 16.4
20150504.145959 3.841 15.143 240.2 16.4
20150504.155959 3.740 15.141 240.1 16.3
20150504.165959 3.644 15.141 240.1 16.0
20150504.175959 3.551 15.141 240.3 15.5
20150504.185959 3.469 15.021 240.3 15.2
20150504.195959 3.389 15.018 240.3 15.0
20150504.205959 3.315 15.018 240.2 14.7
20150504.215959 3.243 15.018 240.2 14.6
20150504.225959 3.171 15.018 240.3 14.1
20150504.235959 3.095 14.816 240.3 13.8
20150505.005959 3.027 14.812 240.3 13.6
20150505.015959 2.959 14.812 240.3 13.4
20150505.025959 2.892 14.498 240.2 13.2
20150505.035959 2.830 14.173 240.0 12.9
20150505.045959 2.772 14.168 239.8 12.8
20150505.055959 2.717 13.957 239.5 12.6
20150505.065959 2.669 13.833 239.2 12.5
20150505.075959 2.620 13.831 238.7 12.5
20150505.085959 2.578 13.741 238.2 12.5
20150505.095959 2.539 13.739 237.6 12.7
20150505.105959 2.500 13.739 237.2 12.8
20150505.115959 2.461 13.739 236.8 12.8
20150505.125959 2.423 13.618 236.3 12.8
20150505.135959 2.388 13.616 235.9 12.9
20150505.145959 2.351 13.616 235.4 13.1
20150505.155959 2.311 13.415 234.8 13.5
20150505.165959 2.276 13.411 234.0 14.4
20150505.175959 2.241 13.137 232.9 15.6
20150505.185959 2.207 12.878 231.8 17.0
20150505.195959 2.174 12.873 230.8 18.3
20150505.205959 2.136 12.705 230.3 19.1
20150505.215959 2.096 12.602 230.2 18.9
20150505.225959 2.047 12.600 230.6 17.4
20150505.235959 2.005 12.525 231.1 15.9
20150506.005959 1.966 12.523 231.5 14.8
20150506.015959 1.930 12.433 231.7 13.9
20150506.025959 1.899 12.431 231.9 13.1
20150506.035959 1.869 12.431 232.0 12.3
20150506.045959 1.838 12.287 232.1 11.8
20150506.055959 1.811 12.073 232.1 11.4
20150506.065959 1.788 12.069 232.0 11.1
20150506.075959 1.770 11.839 231.8 11.0
20150506.085959 1.756 11.653 231.6 11.0
20150506.095959 1.751 11.534 231.1 11.1
20150506.105959 1.745 11.532 230.6 11.5
20150506.115959 1.741 11.458 230.1 11.9
20150506.125959 1.738 11.457 229.5 12.5
20150506.135959 1.738 11.395 228.9 13.2
20150506.145959 1.734 11.394 228.7 13.7
20150506.155959 1.729 11.394 228.7 14.0
20150506.165959 1.728 11.394 228.9 14.1
20150506.175959 1.730 11.394 229.4 14.1
20150506.185959 1.739 11.394 229.9 14.0
20150506.195959 1.751 11.456 230.6 13.8
20150506.205959 1.764 11.646 231.3 13.6
20150506.215959 1.784 12.275 231.9 13.5
20150506.225959 1.797 12.697 232.5 13.4
20150506.235959 1.814 13.606 233.0 13.7
