TPAR
20150504.005959 5.031 16.239 246.0 17.4
20150504.015959 4.922 16.239 246.0 17.5
20150504.025959 4.819 16.239 245.8 17.5
20150504.035959 4.727 16.239 245.6 17.6
20150504.045959 4.637 16.239 245.3 17.6
20150504.055959 4.558 16.239 245.1 17.4
20150504.065959 4.490 16.239 244.7 17.2
20150504.075959 4.415 16.239 244.3 17.1
20150504.085959 4.318 15.850 244.0 17.1
20150504.095959 4.214 15.843 243.8 17.1
20150504.105959 4.107 15.843 243.5 17.2
20150504.115959 4.001 15.484 243.1 17.3
20150504.125959 3.902 15.268 242.7 17.5
20150504.135959 3.798 15.265 242.4 17.6
20150504.145959 3.704 15.143 242.3 17.6
20150504.155959 3.605 15.141 242.3 17.4
20150504.165959 3.511 15.141 242.3 17.0
20150504.175959 3.420 15.141 242.5 16.6
20150504.185959 3.340 15.021 242.5 16.2
20150504.195959 3.262 15.018 242.5 16.0
20150504.205959 3.190 15.018 242.4 15.7
20150504.215959 3.120 15.018 242.4 15.5
20150504.225959 3.050 15.018 242.5 15.1
20150504.235959 2.977 14.816 242.5 14.7
20150505.005959 2.909 14.812 242.5 14.5
20150505.015959 2.845 14.812 242.4 14.2
20150505.025959 2.780 14.498 242.3 14.0
20150505.035959 2.720 14.173 242.2 13.7
20150505.045959 2.663 14.168 241.9 13.5
20150505.055959 2.611 13.957 241.6 13.4
20150505.065959 2.563 13.833 241.3 13.3
20150505.075959 2.518 13.831 240.8 13.3
20150505.085959 2.478 13.741 240.3 13.4
20150505.095959 2.439 13.739 239.7 13.5
20150505.105959 2.402 13.739 239.2 13.6
20150505.115959 2.363 13.739 238.8 13.6
20150505.125959 2.328 13.618 238.3 13.6
20150505.135959 2.294 13.616 237.8 13.7
20150505.145959 2.259 13.616 237.2 14.0
20150505.155959 2.222 13.415 236.5 14.5
20150505.165959 2.191 13.411 235.6 15.4
20150505.175959 2.158 13.137 234.4 16.8
20150505.185959 2.128 12.878 233.2 18.5
20150505.195959 2.096 12.705 232.2 20.0
20150505.205959 2.059 12.702 231.7 20.7
20150505.215959 2.019 12.602 231.7 20.3
20150505.225959 1.975 12.525 232.2 18.7
20150505.235959 1.932 12.523 232.8 17.0
20150506.005959 1.895 12.523 233.2 15.6
20150506.015959 1.862 12.433 233.4 14.4
20150506.025959 1.831 12.431 233.6 13.6
20150506.035959 1.800 12.287 233.7 12.9
20150506.045959 1.773 12.284 233.8 12.4
20150506.055959 1.748 12.073 233.8 11.9
20150506.065959 1.726 11.838 233.7 11.7
20150506.075959 1.710 11.653 233.5 11.6
20150506.085959 1.699 11.534 233.2 11.6
20150506.095959 1.693 11.532 232.8 11.7
20150506.105959 1.691 11.458 232.3 12.0
20150506.115959 1.686 11.457 231.8 12.5
20150506.125959 1.685 11.395 231.1 13.1
20150506.135959 1.682 11.394 230.7 13.8
20150506.145959 1.679 11.394 230.4 14.4
20150506.155959 1.676 11.394 230.4 14.7
20150506.165959 1.676 11.394 230.7 14.9
20150506.175959 1.680 11.394 231.2 15.0
20150506.185959 1.688 11.394 231.8 15.0
20150506.195959 1.699 11.456 232.5 14.7
20150506.205959 1.709 11.646 233.2 14.5
20150506.215959 1.731 12.423 233.9 14.4
20150506.225959 1.738 12.865 234.5 14.4
20150506.235959 1.753 13.608 235.0 14.7
