TPAR
20150504.005959 5.612 16.495 237.3 12.0
20150504.015959 5.548 16.495 237.1 11.9
20150504.025959 5.475 16.495 237.0 11.9
20150504.035959 5.391 16.495 236.8 11.9
20150504.045959 5.305 16.495 236.7 11.8
20150504.055959 5.218 16.495 236.5 11.7
20150504.065959 5.134 16.495 236.4 11.6
20150504.075959 5.056 16.495 236.1 11.5
20150504.085959 4.971 16.245 235.8 11.5
20150504.095959 4.887 16.239 235.4 11.6
20150504.105959 4.791 16.239 235.0 11.7
20150504.115959 4.678 16.188 234.8 11.7
20150504.125959 4.558 15.849 234.6 11.7
20150504.135959 4.446 15.484 234.3 11.8
20150504.145959 4.337 15.478 234.0 11.9
20150504.155959 4.234 15.268 233.8 11.9
20150504.165959 4.132 15.265 233.7 11.9
20150504.175959 4.042 15.143 233.6 11.7
20150504.185959 3.950 15.141 233.6 11.5
20150504.195959 3.864 15.141 233.6 11.3
20150504.205959 3.782 15.141 233.5 11.2
20150504.215959 3.701 15.141 233.5 11.0
20150504.225959 3.623 15.021 233.5 10.9
20150504.235959 3.545 15.018 233.5 10.7
20150505.005959 3.469 15.018 233.4 10.6
20150505.015959 3.391 15.018 233.4 10.5
20150505.025959 3.311 14.816 233.3 10.4
20150505.035959 3.235 14.812 233.1 10.3
20150505.045959 3.159 14.498 233.0 10.2
20150505.055959 3.089 14.492 232.7 10.2
20150505.065959 3.021 14.173 232.5 10.2
20150505.075959 2.963 13.957 232.2 10.2
20150505.085959 2.911 13.833 231.8 10.3
20150505.095959 2.862 13.831 231.4 10.3
20150505.105959 2.813 13.831 231.1 10.4
20150505.115959 2.770 13.741 230.8 10.5
20150505.125959 2.724 13.739 230.6 10.5
20150505.135959 2.679 13.739 230.3 10.5
20150505.145959 2.632 13.739 230.1 10.6
20150505.155959 2.582 13.622 229.8 10.7
20150505.165959 2.531 13.616 229.6 10.8
20150505.175959 2.479 13.616 229.4 11.0
20150505.185959 2.423 13.415 229.0 11.3
20150505.195959 2.371 13.373 228.6 11.7
20150505.205959 2.317 13.136 228.2 12.1
20150505.215959 2.267 12.877 227.8 12.5
20150505.225959 2.217 12.705 227.7 12.5
20150505.235959 2.171 12.602 227.6 12.3
20150506.005959 2.127 12.600 227.5 12.2
20150506.015959 2.089 12.525 227.5 11.9
20150506.025959 2.052 12.523 227.5 11.2
20150506.035959 2.017 12.523 227.6 10.6
20150506.045959 1.984 12.433 227.6 10.1
20150506.055959 1.955 12.431 227.5 9.8
20150506.065959 1.928 12.413 227.5 9.6
20150506.075959 1.904 12.286 227.3 9.6
20150506.085959 1.885 12.073 226.9 9.8
20150506.095959 1.871 11.839 226.5 10.1
20150506.105959 1.861 11.653 226.1 10.3
20150506.115959 1.849 11.650 225.8 10.6
20150506.125959 1.844 11.534 225.4 10.9
20150506.135959 1.836 11.532 225.1 11.2
20150506.145959 1.828 11.458 225.0 11.2
20150506.155959 1.819 11.457 225.1 11.1
20150506.165959 1.815 11.457 225.3 10.8
20150506.175959 1.821 11.457 225.5 10.7
20150506.185959 1.838 11.457 225.8 10.5
20150506.195959 1.862 11.531 226.0 10.4
20150506.205959 1.898 12.059 226.3 10.1
20150506.215959 1.939 12.697 226.6 10.0
20150506.225959 1.985 13.732 226.9 9.9
20150506.235959 2.017 13.950 227.1 10.1
