TPAR
20150504.005959 5.288 16.494 243.1 15.8
20150504.015959 5.187 16.453 242.9 15.8
20150504.025959 5.079 16.244 242.8 15.8
20150504.035959 4.984 16.239 242.5 15.9
20150504.045959 4.891 16.239 242.3 15.8
20150504.055959 4.801 16.239 242.1 15.6
20150504.065959 4.725 16.239 241.8 15.4
20150504.075959 4.651 16.239 241.4 15.4
20150504.085959 4.556 15.850 241.0 15.5
20150504.095959 4.454 15.843 240.7 15.5
20150504.105959 4.345 15.843 240.4 15.6
20150504.115959 4.233 15.484 240.0 15.6
20150504.125959 4.124 15.478 239.7 15.8
20150504.135959 4.024 15.268 239.3 16.0
20150504.145959 3.919 15.263 239.0 16.1
20150504.155959 3.823 15.143 238.8 16.0
20150504.165959 3.725 15.141 238.8 15.7
20150504.175959 3.630 15.141 238.9 15.3
20150504.185959 3.544 15.021 239.0 14.9
20150504.195959 3.462 15.018 239.0 14.6
20150504.205959 3.386 15.018 239.0 14.5
20150504.215959 3.312 15.018 238.9 14.3
20150504.225959 3.237 15.018 239.0 13.9
20150504.235959 3.162 14.816 239.0 13.6
20150505.005959 3.092 14.812 239.0 13.3
20150505.015959 3.022 14.812 239.0 13.1
20150505.025959 2.952 14.498 238.8 12.9
20150505.035959 2.890 14.476 238.7 12.7
20150505.045959 2.829 14.173 238.5 12.5
20150505.055959 2.773 13.957 238.2 12.3
20150505.065959 2.721 13.833 237.9 12.2
20150505.075959 2.670 13.831 237.4 12.2
20150505.085959 2.625 13.831 236.9 12.3
20150505.095959 2.587 13.741 236.4 12.4
20150505.105959 2.546 13.739 235.9 12.5
20150505.115959 2.507 13.739 235.5 12.5
20150505.125959 2.468 13.618 235.1 12.5
20150505.135959 2.430 13.616 234.7 12.7
20150505.145959 2.392 13.616 234.3 12.8
20150505.155959 2.351 13.415 233.8 13.2
20150505.165959 2.314 13.411 233.1 13.8
20150505.175959 2.276 13.137 232.1 14.8
20150505.185959 2.241 13.119 231.1 16.0
20150505.195959 2.204 12.877 230.2 17.3
20150505.205959 2.166 12.705 229.5 18.1
20150505.215959 2.128 12.602 229.3 18.3
20150505.225959 2.079 12.600 229.6 17.3
20150505.235959 2.036 12.525 230.0 16.0
20150506.005959 1.997 12.523 230.4 15.0
20150506.015959 1.960 12.451 230.6 14.1
20150506.025959 1.925 12.431 230.8 13.1
20150506.035959 1.894 12.431 231.0 12.2
20150506.045959 1.863 12.287 231.0 11.6
20150506.055959 1.835 12.113 231.0 11.2
20150506.065959 1.812 12.070 231.0 10.9
20150506.075959 1.794 11.839 230.8 10.9
20150506.085959 1.780 11.653 230.5 10.9
20150506.095959 1.775 11.534 230.0 11.1
20150506.105959 1.768 11.532 229.6 11.4
20150506.115959 1.764 11.458 229.0 11.9
20150506.125959 1.762 11.457 228.4 12.4
20150506.135959 1.758 11.457 227.9 13.1
20150506.145959 1.754 11.395 227.6 13.5
20150506.155959 1.748 11.394 227.7 13.7
20150506.165959 1.744 11.394 228.0 13.7
20150506.175959 1.746 11.394 228.4 13.7
20150506.185959 1.754 11.394 228.9 13.6
20150506.195959 1.764 11.456 229.5 13.4
20150506.205959 1.779 11.646 230.1 13.2
20150506.215959 1.801 12.275 230.6 13.1
20150506.225959 1.817 12.697 231.2 13.1
20150506.235959 1.836 13.606 231.6 13.5
