TPAR
20150504.005959 5.240 16.239 243.5 16.1
20150504.015959 5.138 16.239 243.4 16.1
20150504.025959 5.037 16.239 243.3 16.1
20150504.035959 4.943 16.239 243.0 16.1
20150504.045959 4.850 16.239 242.8 16.1
20150504.055959 4.764 16.239 242.6 15.9
20150504.065959 4.689 16.239 242.3 15.7
20150504.075959 4.614 16.239 241.9 15.7
20150504.085959 4.518 15.850 241.5 15.7
20150504.095959 4.414 15.843 241.2 15.7
20150504.105959 4.306 15.843 240.9 15.7
20150504.115959 4.195 15.484 240.6 15.8
20150504.125959 4.092 15.268 240.2 16.0
20150504.135959 3.986 15.265 239.8 16.1
20150504.145959 3.890 15.143 239.6 16.2
20150504.155959 3.787 15.141 239.5 16.0
20150504.165959 3.691 15.141 239.5 15.8
20150504.175959 3.597 15.141 239.6 15.4
20150504.185959 3.513 15.021 239.7 15.0
20150504.195959 3.432 15.018 239.7 14.7
20150504.205959 3.356 15.018 239.6 14.6
20150504.215959 3.284 15.018 239.6 14.4
20150504.225959 3.210 15.018 239.6 14.0
20150504.235959 3.133 14.816 239.7 13.6
20150505.005959 3.065 14.812 239.7 13.4
20150505.015959 2.997 14.812 239.6 13.2
20150505.025959 2.927 14.498 239.5 13.0
20150505.035959 2.864 14.173 239.4 12.8
20150505.045959 2.805 14.168 239.1 12.6
20150505.055959 2.750 13.957 238.9 12.4
20150505.065959 2.699 13.833 238.5 12.3
20150505.075959 2.650 13.831 238.1 12.3
20150505.085959 2.609 13.741 237.6 12.4
20150505.095959 2.568 13.739 237.0 12.5
20150505.105959 2.528 13.739 236.6 12.5
20150505.115959 2.487 13.739 236.2 12.6
20150505.125959 2.450 13.618 235.7 12.6
20150505.135959 2.413 13.616 235.3 12.8
20150505.145959 2.376 13.616 234.8 12.9
20150505.155959 2.335 13.415 234.3 13.3
20150505.165959 2.299 13.411 233.5 14.1
20150505.175959 2.263 13.137 232.5 15.2
20150505.185959 2.228 12.878 231.5 16.5
20150505.195959 2.193 12.873 230.5 17.8
20150505.205959 2.155 12.705 229.9 18.5
20150505.215959 2.113 12.602 229.8 18.4
20150505.225959 2.066 12.600 230.2 17.1
20150505.235959 2.024 12.525 230.6 15.8
20150506.005959 1.984 12.523 230.9 14.7
20150506.015959 1.948 12.433 231.2 13.8
20150506.025959 1.915 12.431 231.3 13.0
20150506.035959 1.884 12.431 231.5 12.2
20150506.045959 1.853 12.287 231.5 11.7
20150506.055959 1.826 12.073 231.5 11.2
20150506.065959 1.803 12.069 231.5 11.0
20150506.075959 1.783 11.839 231.3 10.9
20150506.085959 1.771 11.653 231.0 10.9
20150506.095959 1.764 11.534 230.6 11.1
20150506.105959 1.760 11.532 230.1 11.4
20150506.115959 1.756 11.458 229.6 11.8
20150506.125959 1.752 11.457 229.0 12.4
20150506.135959 1.750 11.457 228.4 13.1
20150506.145959 1.746 11.395 228.2 13.5
20150506.155959 1.740 11.394 228.2 13.8
20150506.165959 1.738 11.394 228.4 13.9
20150506.175959 1.741 11.394 228.9 13.9
20150506.185959 1.750 11.394 229.4 13.8
20150506.195959 1.761 11.456 230.0 13.6
20150506.205959 1.775 11.646 230.7 13.3
20150506.215959 1.797 12.275 231.3 13.2
20150506.225959 1.810 12.697 231.8 13.2
20150506.235959 1.829 13.606 232.3 13.5
