TPAR
20150504.005959 4.155 16.495 261.0 10.9
20150504.015959 4.081 16.495 261.1 10.8
20150504.025959 4.009 16.495 260.9 10.9
20150504.035959 3.943 16.495 260.6 11.0
20150504.045959 3.885 16.495 260.2 11.2
20150504.055959 3.834 16.495 259.8 11.3
20150504.065959 3.782 16.495 259.4 11.4
20150504.075959 3.723 16.495 259.1 11.4
20150504.085959 3.640 16.245 259.0 11.3
20150504.095959 3.552 16.239 258.9 11.2
20150504.105959 3.458 16.239 258.8 11.2
20150504.115959 3.362 15.850 258.6 11.2
20150504.125959 3.271 15.493 258.3 11.2
20150504.135959 3.181 15.479 258.1 11.2
20150504.145959 3.099 15.268 258.0 11.2
20150504.155959 3.017 15.265 257.9 11.1
20150504.165959 2.948 15.143 257.8 11.0
20150504.175959 2.877 15.141 257.7 10.9
20150504.185959 2.811 15.141 257.6 10.8
20150504.195959 2.747 15.141 257.5 10.7
20150504.205959 2.685 15.141 257.3 10.7
20150504.215959 2.627 15.021 257.2 10.7
20150504.225959 2.568 15.018 257.2 10.6
20150504.235959 2.508 15.018 257.1 10.5
20150505.005959 2.449 15.018 257.0 10.4
20150505.015959 2.386 14.816 256.9 10.4
20150505.025959 2.331 14.812 256.7 10.3
20150505.035959 2.274 14.498 256.5 10.3
20150505.045959 2.219 14.173 256.3 10.3
20150505.055959 2.172 14.168 256.0 10.3
20150505.065959 2.126 13.957 255.7 10.4
20150505.075959 2.082 13.833 255.4 10.5
20150505.085959 2.043 13.831 255.0 10.5
20150505.095959 2.006 13.831 254.6 10.5
20150505.105959 1.971 13.741 254.4 10.5
20150505.115959 1.935 13.739 254.1 10.5
20150505.125959 1.900 13.739 253.8 10.5
20150505.135959 1.865 13.739 253.4 10.5
20150505.145959 1.829 13.619 253.0 10.7
20150505.155959 1.794 13.616 252.5 11.0
20150505.165959 1.757 13.415 252.0 11.6
20150505.175959 1.720 13.411 251.3 12.2
20150505.185959 1.681 13.137 250.8 12.7
20150505.195959 1.641 12.877 250.5 12.9
20150505.205959 1.603 12.705 250.3 12.5
20150505.215959 1.566 12.702 250.3 12.0
20150505.225959 1.535 12.601 250.3 11.2
20150505.235959 1.507 12.600 250.3 10.6
20150506.005959 1.482 12.525 250.2 10.3
20150506.015959 1.457 12.523 250.1 10.3
20150506.025959 1.435 12.433 250.0 10.0
20150506.035959 1.414 12.431 249.9 9.8
20150506.045959 1.392 12.287 249.8 9.7
20150506.055959 1.374 12.284 249.7 9.6
20150506.065959 1.355 12.073 249.5 9.5
20150506.075959 1.340 11.839 249.4 9.5
20150506.085959 1.330 11.653 249.2 9.5
20150506.095959 1.324 11.650 248.8 9.7
20150506.105959 1.320 11.534 248.4 10.0
20150506.115959 1.314 11.532 248.2 10.3
20150506.125959 1.310 11.458 247.9 10.5
20150506.135959 1.306 11.457 247.8 10.7
20150506.145959 1.304 11.457 247.8 10.7
20150506.155959 1.308 11.457 247.9 10.6
20150506.165959 1.318 11.457 248.2 10.6
20150506.175959 1.334 11.457 248.5 10.5
20150506.185959 1.356 11.646 248.9 10.3
20150506.195959 1.385 12.275 249.4 10.1
20150506.205959 1.409 12.865 249.9 10.0
20150506.215959 1.436 13.736 250.4 10.0
20150506.225959 1.450 14.159 250.9 10.0
20150506.235959 1.462 14.176 251.2 10.1
