TPAR
20150504.005959 5.287 16.498 238.9 10.8
20150504.015959 5.228 16.495 238.7 10.7
20150504.025959 5.158 16.495 238.6 10.6
20150504.035959 5.081 16.495 238.5 10.6
20150504.045959 4.999 16.495 238.4 10.5
20150504.055959 4.917 16.495 238.2 10.4
20150504.065959 4.837 16.495 238.1 10.3
20150504.075959 4.760 16.495 237.9 10.3
20150504.085959 4.686 16.495 237.5 10.3
20150504.095959 4.598 16.245 237.2 10.4
20150504.105959 4.501 16.239 237.0 10.4
20150504.115959 4.395 16.239 236.8 10.4
20150504.125959 4.276 15.850 236.7 10.3
20150504.135959 4.167 15.843 236.5 10.4
20150504.145959 4.057 15.484 236.3 10.4
20150504.155959 3.958 15.268 236.1 10.5
20150504.165959 3.860 15.265 236.0 10.4
20150504.175959 3.772 15.143 235.9 10.2
20150504.185959 3.685 15.141 235.9 10.0
20150504.195959 3.602 15.141 235.8 9.9
20150504.205959 3.524 15.141 235.8 9.8
20150504.215959 3.448 15.141 235.7 9.7
20150504.225959 3.372 15.141 235.7 9.6
20150504.235959 3.300 15.021 235.7 9.5
20150505.005959 3.228 15.018 235.6 9.4
20150505.015959 3.157 15.018 235.6 9.4
20150505.025959 3.085 15.018 235.5 9.3
20150505.035959 3.010 14.816 235.4 9.2
20150505.045959 2.942 14.812 235.2 9.2
20150505.055959 2.872 14.498 235.0 9.2
20150505.065959 2.809 14.173 234.8 9.2
20150505.075959 2.752 13.957 234.5 9.2
20150505.085959 2.699 13.954 234.2 9.3
20150505.095959 2.654 13.833 233.8 9.4
20150505.105959 2.606 13.831 233.6 9.4
20150505.115959 2.561 13.831 233.3 9.4
20150505.125959 2.520 13.741 233.1 9.4
20150505.135959 2.475 13.739 232.9 9.4
20150505.145959 2.429 13.739 232.7 9.5
20150505.155959 2.382 13.739 232.5 9.5
20150505.165959 2.332 13.619 232.3 9.6
20150505.175959 2.283 13.616 232.2 9.6
20150505.185959 2.232 13.490 231.9 9.8
20150505.195959 2.179 13.412 231.6 10.0
20150505.205959 2.127 13.137 231.3 10.4
20150505.215959 2.077 12.877 230.9 10.7
20150505.225959 2.030 12.705 230.8 10.7
20150505.235959 1.985 12.702 230.6 10.6
20150506.005959 1.948 12.602 230.5 10.6
20150506.015959 1.911 12.600 230.4 10.3
20150506.025959 1.879 12.525 230.4 9.8
20150506.035959 1.846 12.523 230.4 9.2
20150506.045959 1.817 12.523 230.4 8.8
20150506.055959 1.791 12.433 230.4 8.6
20150506.065959 1.766 12.431 230.2 8.6
20150506.075959 1.741 12.287 230.1 8.6
20150506.085959 1.725 12.284 229.8 8.9
20150506.095959 1.710 12.073 229.4 9.1
20150506.105959 1.697 11.839 229.2 9.3
20150506.115959 1.684 11.653 228.9 9.4
20150506.125959 1.677 11.534 228.6 9.6
20150506.135959 1.669 11.532 228.4 9.8
20150506.145959 1.661 11.458 228.3 9.8
20150506.155959 1.653 11.457 228.4 9.6
20150506.165959 1.651 11.457 228.5 9.5
20150506.175959 1.655 11.457 228.6 9.3
20150506.185959 1.667 11.457 228.7 9.2
20150506.195959 1.689 11.531 228.9 9.0
20150506.205959 1.718 11.832 229.1 8.8
20150506.215959 1.758 12.595 229.3 8.6
20150506.225959 1.797 13.605 229.6 8.5
20150506.235959 1.829 13.949 229.8 8.7
