TPAR
20150504.005959 5.095 16.239 244.8 16.8
20150504.015959 4.989 16.239 244.7 16.8
20150504.025959 4.888 16.239 244.6 16.8
20150504.035959 4.794 16.239 244.3 16.9
20150504.045959 4.703 16.239 244.1 16.8
20150504.055959 4.621 16.239 243.9 16.6
20150504.065959 4.549 16.239 243.6 16.5
20150504.075959 4.473 16.239 243.2 16.4
20150504.085959 4.377 15.850 242.9 16.4
20150504.095959 4.274 15.843 242.6 16.4
20150504.105959 4.168 15.843 242.3 16.5
20150504.115959 4.060 15.484 242.0 16.6
20150504.125959 3.956 15.407 241.6 16.7
20150504.135959 3.854 15.267 241.3 16.8
20150504.145959 3.760 15.143 241.1 16.8
20150504.155959 3.660 15.141 241.0 16.7
20150504.165959 3.563 15.141 241.1 16.4
20150504.175959 3.473 15.141 241.2 16.0
20150504.185959 3.390 15.021 241.3 15.6
20150504.195959 3.312 15.018 241.3 15.4
20150504.205959 3.238 15.018 241.2 15.2
20150504.215959 3.168 15.018 241.2 15.0
20150504.225959 3.096 15.018 241.2 14.5
20150504.235959 3.021 14.816 241.3 14.2
20150505.005959 2.955 14.812 241.3 13.9
20150505.015959 2.889 14.812 241.2 13.7
20150505.025959 2.821 14.498 241.1 13.5
20150505.035959 2.760 14.173 241.0 13.2
20150505.045959 2.705 14.168 240.8 13.1
20150505.055959 2.651 13.957 240.5 12.9
20150505.065959 2.603 13.833 240.1 12.8
20150505.075959 2.555 13.831 239.7 12.8
20150505.085959 2.512 13.827 239.2 12.9
20150505.095959 2.476 13.741 238.6 13.1
20150505.105959 2.437 13.739 238.1 13.1
20150505.115959 2.399 13.739 237.7 13.1
20150505.125959 2.363 13.618 237.3 13.2
20150505.135959 2.328 13.616 236.8 13.3
20150505.145959 2.293 13.616 236.3 13.5
20150505.155959 2.255 13.415 235.6 14.0
20150505.165959 2.220 13.411 234.7 14.9
20150505.175959 2.187 13.137 233.6 16.2
20150505.185959 2.156 12.878 232.4 17.7
20150505.195959 2.124 12.873 231.4 19.2
20150505.205959 2.086 12.705 230.8 20.0
20150505.215959 2.046 12.602 230.8 19.7
20150505.225959 1.999 12.600 231.3 18.1
20150505.235959 1.958 12.525 231.8 16.5
20150506.005959 1.919 12.523 232.2 15.2
20150506.015959 1.885 12.433 232.5 14.1
20150506.025959 1.853 12.431 232.7 13.3
20150506.035959 1.822 12.287 232.8 12.6
20150506.045959 1.794 12.284 232.9 12.1
20150506.055959 1.767 12.073 232.9 11.6
20150506.065959 1.745 11.838 232.8 11.3
20150506.075959 1.728 11.835 232.6 11.2
20150506.085959 1.716 11.653 232.4 11.2
20150506.095959 1.711 11.534 231.9 11.4
20150506.105959 1.707 11.458 231.4 11.7
20150506.115959 1.702 11.457 230.9 12.2
20150506.125959 1.699 11.457 230.3 12.8
20150506.135959 1.699 11.395 229.7 13.5
20150506.145959 1.695 11.394 229.4 14.1
20150506.155959 1.690 11.394 229.5 14.4
20150506.165959 1.688 11.394 229.7 14.6
20150506.175959 1.692 11.394 230.2 14.6
20150506.185959 1.699 11.394 230.8 14.5
20150506.195959 1.709 11.456 231.4 14.3
20150506.205959 1.722 11.646 232.1 14.0
20150506.215959 1.740 12.275 232.8 13.9
20150506.225959 1.750 12.864 233.4 13.9
20150506.235959 1.768 13.608 233.9 14.2
