TPAR
20150504.005959 5.807 16.495 234.2 12.8
20150504.015959 5.734 16.495 233.9 12.7
20150504.025959 5.650 16.495 233.7 12.6
20150504.035959 5.557 16.495 233.5 12.5
20150504.045959 5.467 16.495 233.3 12.5
20150504.055959 5.374 16.495 233.1 12.4
20150504.065959 5.286 16.495 233.0 12.2
20150504.075959 5.206 16.495 232.7 12.2
20150504.085959 5.119 16.245 232.3 12.2
20150504.095959 5.027 16.239 231.9 12.2
20150504.105959 4.924 16.239 231.5 12.2
20150504.115959 4.802 15.850 231.2 12.2
20150504.125959 4.689 15.843 230.9 12.3
20150504.135959 4.577 15.484 230.6 12.5
20150504.145959 4.472 15.268 230.2 12.7
20150504.155959 4.368 15.265 230.0 12.8
20150504.165959 4.273 15.143 229.8 12.8
20150504.175959 4.174 15.141 229.7 12.6
20150504.185959 4.082 15.141 229.8 12.4
20150504.195959 3.993 15.141 229.7 12.2
20150504.205959 3.910 15.141 229.7 12.0
20150504.215959 3.830 15.021 229.6 11.9
20150504.225959 3.748 15.018 229.7 11.7
20150504.235959 3.668 15.018 229.7 11.4
20150505.005959 3.588 15.018 229.7 11.3
20150505.015959 3.509 15.018 229.6 11.2
20150505.025959 3.427 14.816 229.6 11.0
20150505.035959 3.347 14.498 229.5 10.9
20150505.045959 3.273 14.492 229.3 10.8
20150505.055959 3.201 14.173 229.1 10.7
20150505.065959 3.137 13.957 228.9 10.6
20150505.075959 3.075 13.954 228.6 10.6
20150505.085959 3.026 13.833 228.2 10.6
20150505.095959 2.977 13.831 227.8 10.7
20150505.105959 2.933 13.741 227.5 10.7
20150505.115959 2.887 13.739 227.2 10.8
20150505.125959 2.841 13.739 226.9 10.9
20150505.135959 2.795 13.739 226.7 10.9
20150505.145959 2.749 13.739 226.4 11.0
20150505.155959 2.699 13.619 226.1 11.2
20150505.165959 2.647 13.616 225.9 11.4
20150505.175959 2.594 13.415 225.5 11.7
20150505.185959 2.542 13.411 225.1 12.2
20150505.195959 2.490 13.137 224.5 12.9
20150505.205959 2.440 12.877 224.0 13.6
20150505.215959 2.393 12.705 223.5 14.2
20150505.225959 2.343 12.640 223.4 14.1
20150505.235959 2.295 12.601 223.5 13.8
20150506.005959 2.250 12.600 223.6 13.5
20150506.015959 2.211 12.525 223.7 12.9
20150506.025959 2.171 12.523 223.8 12.3
20150506.035959 2.135 12.433 223.9 11.6
20150506.045959 2.101 12.431 224.0 11.0
20150506.055959 2.070 12.431 224.1 10.5
20150506.065959 2.040 12.287 224.0 10.3
20150506.075959 2.015 12.073 223.9 10.1
20150506.085959 1.996 11.839 223.6 10.2
20150506.095959 1.985 11.653 223.2 10.3
20150506.105959 1.975 11.650 222.8 10.5
20150506.115959 1.968 11.534 222.4 10.9
20150506.125959 1.964 11.458 221.9 11.3
20150506.135959 1.958 11.457 221.6 11.7
20150506.145959 1.950 11.457 221.4 11.9
20150506.155959 1.944 11.457 221.4 11.9
20150506.165959 1.940 11.457 221.6 11.7
20150506.175959 1.947 11.457 221.9 11.5
20150506.185959 1.964 11.457 222.1 11.4
20150506.195959 1.990 11.531 222.3 11.2
20150506.205959 2.029 12.273 222.6 10.9
20150506.215959 2.065 12.865 222.9 10.7
20150506.225959 2.110 13.733 223.1 10.6
20150506.235959 2.140 13.957 223.3 10.8
