TPAR
20150504.005959 4.308 16.495 259.5 11.9
20150504.015959 4.223 16.495 259.6 11.9
20150504.025959 4.143 16.495 259.4 11.9
20150504.035959 4.069 16.495 259.0 12.2
20150504.045959 4.007 16.495 258.6 12.3
20150504.055959 3.956 16.495 258.2 12.4
20150504.065959 3.906 16.495 257.7 12.5
20150504.075959 3.838 16.245 257.4 12.5
20150504.085959 3.756 16.239 257.3 12.4
20150504.095959 3.662 16.239 257.3 12.3
20150504.105959 3.567 16.239 257.2 12.2
20150504.115959 3.468 15.850 257.0 12.3
20150504.125959 3.374 15.484 256.7 12.3
20150504.135959 3.282 15.478 256.5 12.3
20150504.145959 3.197 15.268 256.4 12.2
20150504.155959 3.113 15.265 256.4 12.0
20150504.165959 3.040 15.143 256.3 11.9
20150504.175959 2.968 15.141 256.3 11.7
20150504.185959 2.898 15.141 256.2 11.6
20150504.195959 2.835 15.141 256.1 11.5
20150504.205959 2.773 15.141 256.0 11.4
20150504.215959 2.713 15.021 255.9 11.4
20150504.225959 2.651 15.018 255.9 11.1
20150504.235959 2.592 15.018 255.8 11.0
20150505.005959 2.532 15.018 255.7 10.9
20150505.015959 2.470 14.816 255.6 10.9
20150505.025959 2.414 14.812 255.5 10.7
20150505.035959 2.355 14.498 255.3 10.7
20150505.045959 2.300 14.173 255.1 10.7
20150505.055959 2.253 14.168 254.8 10.7
20150505.065959 2.207 13.957 254.4 10.7
20150505.075959 2.165 13.833 254.1 10.8
20150505.085959 2.126 13.831 253.7 10.9
20150505.095959 2.087 13.831 253.3 10.9
20150505.105959 2.053 13.741 253.0 10.9
20150505.115959 2.016 13.739 252.7 10.9
20150505.125959 1.979 13.739 252.3 10.9
20150505.135959 1.943 13.624 251.9 11.1
20150505.145959 1.908 13.616 251.5 11.3
20150505.155959 1.873 13.616 250.9 11.7
20150505.165959 1.834 13.415 250.2 12.4
20150505.175959 1.799 13.411 249.5 13.1
20150505.185959 1.758 13.137 249.0 13.8
20150505.195959 1.718 12.877 248.6 14.0
20150505.205959 1.678 12.705 248.5 13.6
20150505.215959 1.643 12.602 248.6 12.9
20150505.225959 1.609 12.600 248.6 12.0
20150505.235959 1.578 12.525 248.7 11.3
20150506.005959 1.551 12.523 248.6 10.9
20150506.015959 1.527 12.523 248.5 10.6
20150506.025959 1.502 12.433 248.5 10.3
20150506.035959 1.479 12.431 248.4 10.1
20150506.045959 1.457 12.287 248.3 10.0
20150506.055959 1.439 12.284 248.2 9.9
20150506.065959 1.418 12.073 248.1 9.8
20150506.075959 1.403 11.839 247.9 9.8
20150506.085959 1.393 11.653 247.7 9.8
20150506.095959 1.386 11.650 247.2 10.1
20150506.105959 1.383 11.534 246.8 10.4
20150506.115959 1.379 11.461 246.5 10.8
20150506.125959 1.375 11.457 246.2 11.1
20150506.135959 1.371 11.457 246.0 11.4
20150506.145959 1.369 11.457 246.0 11.4
20150506.155959 1.371 11.457 246.2 11.4
20150506.165959 1.381 11.457 246.5 11.3
20150506.175959 1.399 11.457 246.9 11.2
20150506.185959 1.419 11.646 247.4 11.0
20150506.195959 1.448 12.275 247.9 10.8
20150506.205959 1.472 12.865 248.5 10.7
20150506.215959 1.499 13.733 249.0 10.5
20150506.225959 1.514 13.955 249.5 10.5
20150506.235959 1.525 14.164 249.9 10.7
