TPAR
20150504.005959 5.831 16.495 234.1 12.8
20150504.015959 5.759 16.495 233.9 12.7
20150504.025959 5.675 16.495 233.7 12.6
20150504.035959 5.585 16.495 233.5 12.6
20150504.045959 5.494 16.495 233.2 12.5
20150504.055959 5.402 16.495 233.1 12.4
20150504.065959 5.311 16.495 232.9 12.3
20150504.075959 5.231 16.495 232.6 12.2
20150504.085959 5.142 16.245 232.2 12.2
20150504.095959 5.052 16.239 231.8 12.2
20150504.105959 4.949 16.239 231.5 12.3
20150504.115959 4.827 15.850 231.2 12.3
20150504.125959 4.713 15.843 230.9 12.4
20150504.135959 4.600 15.484 230.5 12.5
20150504.145959 4.496 15.268 230.2 12.7
20150504.155959 4.391 15.265 229.9 12.8
20150504.165959 4.296 15.143 229.8 12.8
20150504.175959 4.196 15.141 229.7 12.6
20150504.185959 4.103 15.141 229.7 12.4
20150504.195959 4.015 15.141 229.7 12.2
20150504.205959 3.929 15.141 229.7 12.0
20150504.215959 3.849 15.021 229.6 11.9
20150504.225959 3.767 15.018 229.6 11.7
20150504.235959 3.686 15.018 229.7 11.5
20150505.005959 3.606 15.018 229.7 11.3
20150505.015959 3.526 15.018 229.6 11.2
20150505.025959 3.444 14.816 229.5 11.1
20150505.035959 3.366 14.812 229.4 10.9
20150505.045959 3.288 14.498 229.3 10.8
20150505.055959 3.216 14.173 229.1 10.7
20150505.065959 3.150 13.957 228.8 10.7
20150505.075959 3.088 13.954 228.6 10.7
20150505.085959 3.037 13.833 228.2 10.7
20150505.095959 2.987 13.831 227.8 10.7
20150505.105959 2.943 13.741 227.5 10.8
20150505.115959 2.897 13.739 227.2 10.9
20150505.125959 2.852 13.739 226.9 10.9
20150505.135959 2.805 13.739 226.6 10.9
20150505.145959 2.758 13.739 226.3 11.1
20150505.155959 2.708 13.619 226.1 11.3
20150505.165959 2.657 13.616 225.8 11.5
20150505.175959 2.602 13.415 225.5 11.8
20150505.185959 2.551 13.411 225.0 12.3
20150505.195959 2.498 13.137 224.5 13.0
20150505.205959 2.447 12.877 223.9 13.7
20150505.215959 2.400 12.705 223.4 14.4
20150505.225959 2.348 12.702 223.3 14.3
20150505.235959 2.301 12.602 223.4 14.0
20150506.005959 2.255 12.600 223.5 13.6
20150506.015959 2.215 12.525 223.6 13.1
20150506.025959 2.176 12.523 223.8 12.4
20150506.035959 2.139 12.523 223.9 11.7
20150506.045959 2.104 12.433 224.0 11.1
20150506.055959 2.074 12.431 224.0 10.6
20150506.065959 2.043 12.287 224.0 10.3
20150506.075959 2.017 12.073 223.8 10.2
20150506.085959 1.999 11.839 223.5 10.3
20150506.095959 1.988 11.653 223.1 10.5
20150506.105959 1.978 11.650 222.7 10.7
20150506.115959 1.970 11.534 222.3 11.0
20150506.125959 1.963 11.532 221.9 11.4
20150506.135959 1.960 11.458 221.5 11.8
20150506.145959 1.953 11.457 221.3 12.1
20150506.155959 1.946 11.457 221.3 12.1
20150506.165959 1.943 11.457 221.5 11.9
20150506.175959 1.950 11.457 221.8 11.7
20150506.185959 1.967 11.457 222.0 11.5
20150506.195959 1.994 11.531 222.3 11.3
20150506.205959 2.031 12.070 222.6 11.1
20150506.215959 2.070 12.865 222.8 10.9
20150506.225959 2.118 13.733 223.1 10.7
20150506.235959 2.147 14.159 223.3 10.9
