TPAR
20150504.005959 5.780 16.495 236.3 13.1
20150504.015959 5.714 16.495 236.0 13.0
20150504.025959 5.640 16.495 235.8 13.0
20150504.035959 5.554 16.495 235.6 13.0
20150504.045959 5.468 16.495 235.4 12.9
20150504.055959 5.378 16.495 235.2 12.8
20150504.065959 5.287 16.495 235.1 12.7
20150504.075959 5.205 16.495 234.8 12.6
20150504.085959 5.118 16.245 234.5 12.6
20150504.095959 5.032 16.239 234.1 12.7
20150504.105959 4.934 16.239 233.7 12.8
20150504.115959 4.818 15.850 233.4 12.8
20150504.125959 4.705 15.843 233.1 12.8
20150504.135959 4.593 15.484 232.8 12.8
20150504.145959 4.486 15.478 232.4 13.1
20150504.155959 4.388 15.268 232.1 13.2
20150504.165959 4.287 15.265 231.9 13.1
20150504.175959 4.196 15.143 231.9 12.9
20150504.185959 4.106 15.141 231.8 12.7
20150504.195959 4.017 15.141 231.8 12.5
20150504.205959 3.933 15.141 231.8 12.3
20150504.215959 3.851 15.141 231.7 12.2
20150504.225959 3.773 15.021 231.7 11.9
20150504.235959 3.691 15.018 231.7 11.8
20150505.005959 3.613 15.018 231.7 11.7
20150505.015959 3.533 15.018 231.6 11.5
20150505.025959 3.451 14.816 231.5 11.4
20150505.035959 3.375 14.812 231.4 11.3
20150505.045959 3.296 14.498 231.2 11.2
20150505.055959 3.222 14.173 231.0 11.2
20150505.065959 3.156 13.957 230.7 11.1
20150505.075959 3.095 13.954 230.4 11.1
20150505.085959 3.043 13.833 230.0 11.1
20150505.095959 2.992 13.831 229.7 11.1
20150505.105959 2.945 13.831 229.3 11.2
20150505.115959 2.902 13.741 229.0 11.2
20150505.125959 2.856 13.739 228.7 11.3
20150505.135959 2.811 13.739 228.4 11.4
20150505.145959 2.764 13.739 228.2 11.4
20150505.155959 2.714 13.619 227.9 11.6
20150505.165959 2.662 13.616 227.7 11.7
20150505.175959 2.606 13.415 227.4 11.9
20150505.185959 2.552 13.411 227.0 12.2
20150505.195959 2.498 13.137 226.5 12.6
20150505.205959 2.446 12.877 226.0 13.1
20150505.215959 2.396 12.705 225.5 13.7
20150505.225959 2.347 12.702 225.3 13.8
20150505.235959 2.300 12.602 225.2 13.7
20150506.005959 2.255 12.600 225.1 13.6
20150506.015959 2.217 12.525 225.2 13.2
20150506.025959 2.178 12.523 225.2 12.5
20150506.035959 2.141 12.523 225.3 12.0
20150506.045959 2.108 12.433 225.3 11.4
20150506.055959 2.077 12.431 225.3 10.9
20150506.065959 2.046 12.287 225.2 10.7
20150506.075959 2.021 12.073 225.1 10.6
20150506.085959 2.003 12.069 224.7 10.7
20150506.095959 1.991 11.839 224.3 10.9
20150506.105959 1.979 11.653 223.9 11.1
20150506.115959 1.970 11.534 223.6 11.4
20150506.125959 1.960 11.532 223.2 11.6
20150506.135959 1.956 11.458 222.9 11.9
20150506.145959 1.949 11.457 222.7 12.1
20150506.155959 1.941 11.457 222.8 12.0
20150506.165959 1.941 11.457 223.0 11.8
20150506.175959 1.947 11.457 223.3 11.6
20150506.185959 1.966 11.457 223.6 11.4
20150506.195959 1.992 11.531 223.9 11.2
20150506.205959 2.030 12.059 224.3 10.9
20150506.215959 2.073 12.693 224.6 10.8
20150506.225959 2.121 13.606 224.9 10.7
20150506.235959 2.155 13.949 225.3 10.8
