TPAR
20150504.005959 4.887 16.495 248.2 16.9
20150504.015959 4.772 16.495 248.3 16.8
20150504.025959 4.675 16.495 248.2 16.8
20150504.035959 4.591 16.495 247.8 16.9
20150504.045959 4.513 16.245 247.5 16.8
20150504.055959 4.451 16.239 247.1 16.7
20150504.065959 4.393 16.239 246.7 16.6
20150504.075959 4.320 16.239 246.3 16.5
20150504.085959 4.225 16.239 246.2 16.4
20150504.095959 4.115 15.850 246.0 16.3
20150504.105959 4.013 15.843 245.8 16.4
20150504.115959 3.911 15.484 245.4 16.6
20150504.125959 3.813 15.478 245.0 16.6
20150504.135959 3.716 15.268 244.8 16.6
20150504.145959 3.618 15.265 244.8 16.4
20150504.155959 3.530 15.143 244.8 16.1
20150504.165959 3.440 15.141 244.8 15.8
20150504.175959 3.357 15.141 244.9 15.4
20150504.185959 3.280 15.141 244.9 15.1
20150504.195959 3.210 15.021 244.8 14.9
20150504.205959 3.141 15.018 244.7 14.7
20150504.215959 3.073 15.018 244.7 14.6
20150504.225959 3.004 15.018 244.7 14.2
20150504.235959 2.933 14.816 244.7 13.9
20150505.005959 2.867 14.812 244.7 13.6
20150505.015959 2.804 14.812 244.6 13.4
20150505.025959 2.740 14.498 244.5 13.2
20150505.035959 2.681 14.173 244.3 13.0
20150505.045959 2.626 14.168 244.0 12.9
20150505.055959 2.576 13.957 243.7 12.8
20150505.065959 2.532 13.833 243.4 12.7
20150505.075959 2.485 13.831 242.9 12.7
20150505.085959 2.447 13.741 242.4 12.7
20150505.095959 2.409 13.739 241.9 12.8
20150505.105959 2.371 13.739 241.5 12.8
20150505.115959 2.334 13.739 241.1 12.8
20150505.125959 2.297 13.618 240.6 12.9
20150505.135959 2.261 13.616 240.1 13.0
20150505.145959 2.225 13.502 239.5 13.4
20150505.155959 2.191 13.413 238.6 14.2
20150505.165959 2.155 13.137 237.6 15.2
20150505.175959 2.122 13.132 236.6 16.5
20150505.185959 2.085 12.877 235.7 17.7
20150505.195959 2.047 12.705 235.1 18.2
20150505.205959 2.006 12.602 235.0 18.0
20150505.215959 1.963 12.600 235.3 17.0
20150505.225959 1.925 12.525 235.7 15.5
20150505.235959 1.888 12.523 236.0 14.3
20150506.005959 1.855 12.433 236.2 13.4
20150506.015959 1.824 12.431 236.3 12.7
20150506.025959 1.794 12.287 236.4 12.1
20150506.035959 1.767 12.284 236.4 11.7
20150506.045959 1.741 12.073 236.3 11.4
20150506.055959 1.719 11.839 236.2 11.2
20150506.065959 1.700 11.835 236.1 11.0
20150506.075959 1.685 11.653 236.0 10.9
20150506.085959 1.675 11.534 235.7 10.9
20150506.095959 1.673 11.458 235.2 11.1
20150506.105959 1.669 11.457 234.7 11.4
20150506.115959 1.665 11.457 234.3 11.9
20150506.125959 1.662 11.395 233.9 12.4
20150506.135959 1.660 11.394 233.5 12.8
20150506.145959 1.658 11.394 233.4 13.1
20150506.155959 1.660 11.394 233.5 13.3
20150506.165959 1.670 11.394 233.8 13.4
20150506.175959 1.685 11.394 234.2 13.5
20150506.185959 1.703 11.456 234.7 13.4
20150506.195959 1.722 11.646 235.2 13.3
20150506.205959 1.748 12.466 235.9 13.2
20150506.215959 1.760 13.118 236.5 13.2
20150506.225959 1.778 13.734 237.1 13.1
20150506.235959 1.781 13.950 237.5 13.2
