TPAR
20150504.005959 5.041 16.495 245.9 17.3
20150504.015959 4.924 16.495 245.9 17.2
20150504.025959 4.825 16.495 245.8 17.3
20150504.035959 4.730 16.245 245.5 17.3
20150504.045959 4.651 16.239 245.2 17.3
20150504.055959 4.586 16.239 244.8 17.1
20150504.065959 4.522 16.239 244.4 17.0
20150504.075959 4.442 16.239 244.1 16.9
20150504.085959 4.337 15.850 243.9 16.8
20150504.095959 4.231 15.843 243.7 16.8
20150504.105959 4.128 15.843 243.4 16.9
20150504.115959 4.022 15.484 243.0 17.0
20150504.125959 3.920 15.471 242.6 17.1
20150504.135959 3.821 15.268 242.4 17.0
20150504.145959 3.726 15.143 242.3 16.9
20150504.155959 3.628 15.141 242.3 16.6
20150504.165959 3.537 15.141 242.4 16.2
20150504.175959 3.451 15.141 242.4 15.8
20150504.185959 3.371 15.141 242.4 15.5
20150504.195959 3.299 15.021 242.4 15.3
20150504.205959 3.227 15.018 242.3 15.2
20150504.215959 3.157 15.018 242.2 15.0
20150504.225959 3.087 15.018 242.2 14.6
20150504.235959 3.012 14.816 242.3 14.2
20150505.005959 2.944 14.812 242.2 14.0
20150505.015959 2.880 14.812 242.1 13.8
20150505.025959 2.812 14.498 242.0 13.6
20150505.035959 2.753 14.173 241.8 13.4
20150505.045959 2.696 14.161 241.6 13.2
20150505.055959 2.644 13.957 241.3 13.1
20150505.065959 2.598 13.833 241.0 13.0
20150505.075959 2.551 13.831 240.5 13.0
20150505.085959 2.511 13.741 240.0 13.0
20150505.095959 2.473 13.739 239.4 13.1
20150505.105959 2.435 13.739 238.9 13.2
20150505.115959 2.398 13.739 238.5 13.2
20150505.125959 2.360 13.618 238.1 13.2
20150505.135959 2.325 13.616 237.6 13.3
20150505.145959 2.291 13.616 237.0 13.6
20150505.155959 2.253 13.415 236.1 14.4
20150505.165959 2.217 13.137 235.1 15.4
20150505.175959 2.186 13.132 233.9 16.8
20150505.185959 2.153 12.877 232.8 18.2
20150505.195959 2.116 12.705 232.2 19.1
20150505.205959 2.077 12.602 231.9 19.0
20150505.215959 2.032 12.600 232.2 18.0
20150505.225959 1.989 12.525 232.7 16.5
20150505.235959 1.950 12.523 233.1 15.2
20150506.005959 1.915 12.433 233.3 14.2
20150506.015959 1.882 12.431 233.5 13.4
20150506.025959 1.851 12.287 233.6 12.7
20150506.035959 1.823 12.284 233.7 12.2
20150506.045959 1.796 12.073 233.7 11.8
20150506.055959 1.772 11.838 233.6 11.5
20150506.065959 1.753 11.730 233.5 11.3
20150506.075959 1.738 11.651 233.4 11.2
20150506.085959 1.728 11.534 233.1 11.1
20150506.095959 1.724 11.458 232.7 11.3
20150506.105959 1.720 11.457 232.3 11.5
20150506.115959 1.715 11.457 231.8 11.9
20150506.125959 1.712 11.395 231.4 12.4
20150506.135959 1.709 11.394 231.0 12.8
20150506.145959 1.709 11.394 230.8 13.3
20150506.155959 1.711 11.394 230.8 13.6
20150506.165959 1.718 11.394 231.0 13.8
20150506.175959 1.733 11.394 231.3 13.9
20150506.185959 1.747 11.456 231.9 14.0
20150506.195959 1.764 11.646 232.5 13.9
20150506.205959 1.789 12.362 233.1 13.7
20150506.215959 1.801 12.864 233.8 13.6
20150506.225959 1.816 13.608 234.4 13.6
20150506.235959 1.823 13.829 234.9 13.7
