TPAR
20150504.005959 3.749 16.495 261.9 9.0
20150504.015959 3.689 16.495 262.0 9.0
20150504.025959 3.632 16.495 261.9 8.9
20150504.035959 3.576 16.495 261.7 8.9
20150504.045959 3.525 16.495 261.5 9.0
20150504.055959 3.478 16.495 261.2 9.0
20150504.065959 3.432 16.495 260.9 9.0
20150504.075959 3.379 16.495 260.7 9.0
20150504.085959 3.309 16.245 260.5 9.0
20150504.095959 3.233 16.239 260.5 8.9
20150504.105959 3.151 16.239 260.4 8.8
20150504.115959 3.063 15.850 260.2 8.8
20150504.125959 2.979 15.843 260.0 8.8
20150504.135959 2.896 15.484 259.8 8.8
20150504.145959 2.820 15.268 259.6 8.8
20150504.155959 2.747 15.265 259.5 8.8
20150504.165959 2.682 15.143 259.4 8.8
20150504.175959 2.618 15.141 259.2 8.7
20150504.185959 2.556 15.141 259.1 8.7
20150504.195959 2.499 15.141 259.0 8.7
20150504.205959 2.441 15.141 258.9 8.6
20150504.215959 2.386 15.141 258.8 8.6
20150504.225959 2.332 15.021 258.7 8.6
20150504.235959 2.278 15.018 258.6 8.6
20150505.005959 2.223 15.018 258.4 8.6
20150505.015959 2.163 14.816 258.3 8.6
20150505.025959 2.112 14.812 258.2 8.6
20150505.035959 2.059 14.498 258.0 8.6
20150505.045959 2.007 14.182 257.9 8.7
20150505.055959 1.962 14.168 257.7 8.7
20150505.065959 1.918 13.957 257.5 8.8
20150505.075959 1.877 13.833 257.2 8.8
20150505.085959 1.840 13.831 257.0 8.8
20150505.095959 1.803 13.831 256.7 8.8
20150505.105959 1.771 13.741 256.5 8.8
20150505.115959 1.738 13.739 256.3 8.7
20150505.125959 1.703 13.739 256.0 8.7
20150505.135959 1.671 13.739 255.8 8.7
20150505.145959 1.637 13.619 255.5 8.7
20150505.155959 1.602 13.616 255.2 8.7
20150505.165959 1.563 13.415 255.0 8.7
20150505.175959 1.526 13.411 254.6 8.7
20150505.185959 1.487 13.137 254.3 8.7
20150505.195959 1.450 12.877 254.0 8.7
20150505.205959 1.418 12.705 253.7 8.6
20150505.215959 1.385 12.702 253.5 8.6
20150505.225959 1.360 12.602 253.3 8.5
20150505.235959 1.334 12.600 253.1 8.5
20150506.005959 1.313 12.525 253.0 8.4
20150506.015959 1.292 12.523 252.8 8.3
20150506.025959 1.272 12.523 252.7 8.3
20150506.035959 1.253 12.433 252.6 8.3
20150506.045959 1.235 12.431 252.5 8.3
20150506.055959 1.217 12.287 252.4 8.3
20150506.065959 1.201 12.073 252.3 8.3
20150506.075959 1.188 11.839 252.1 8.2
20150506.085959 1.176 11.835 252.0 8.2
20150506.095959 1.167 11.653 251.8 8.3
20150506.105959 1.162 11.534 251.7 8.3
20150506.115959 1.156 11.532 251.5 8.3
20150506.125959 1.153 11.458 251.4 8.3
20150506.135959 1.149 11.457 251.3 8.3
20150506.145959 1.147 11.457 251.3 8.2
20150506.155959 1.151 11.457 251.3 8.2
20150506.165959 1.159 11.457 251.4 8.1
20150506.175959 1.177 11.457 251.6 8.1
20150506.185959 1.198 11.646 251.8 8.0
20150506.195959 1.227 12.280 252.1 8.0
20150506.205959 1.251 12.871 252.5 7.9
20150506.215959 1.276 13.817 252.8 7.9
20150506.225959 1.292 14.161 253.1 7.9
20150506.235959 1.307 14.486 253.4 7.9
