TPAR
20150504.005959 4.440 16.495 256.5 13.3
20150504.015959 4.345 16.495 256.5 13.3
20150504.025959 4.259 16.495 256.3 13.4
20150504.035959 4.184 16.495 256.0 13.6
20150504.045959 4.119 16.495 255.6 13.7
20150504.055959 4.067 16.495 255.1 13.7
20150504.065959 4.012 16.245 254.7 13.8
20150504.075959 3.948 16.239 254.4 13.8
20150504.085959 3.863 16.239 254.3 13.7
20150504.095959 3.764 16.239 254.3 13.6
20150504.105959 3.662 15.850 254.2 13.5
20150504.115959 3.568 15.843 253.9 13.6
20150504.125959 3.472 15.484 253.7 13.6
20150504.135959 3.380 15.478 253.5 13.6
20150504.145959 3.293 15.268 253.4 13.4
20150504.155959 3.207 15.265 253.4 13.2
20150504.165959 3.132 15.143 253.4 12.9
20150504.175959 3.058 15.141 253.4 12.7
20150504.185959 2.988 15.141 253.4 12.5
20150504.195959 2.922 15.141 253.3 12.4
20150504.205959 2.860 15.021 253.2 12.3
20150504.215959 2.799 15.018 253.1 12.2
20150504.225959 2.737 15.018 253.1 11.9
20150504.235959 2.675 15.018 253.1 11.7
20150505.005959 2.614 15.018 253.1 11.6
20150505.015959 2.553 14.816 253.0 11.4
20150505.025959 2.495 14.812 252.8 11.3
20150505.035959 2.439 14.498 252.6 11.2
20150505.045959 2.386 14.173 252.4 11.2
20150505.055959 2.340 13.957 252.1 11.2
20150505.065959 2.293 13.954 251.8 11.2
20150505.075959 2.253 13.833 251.4 11.2
20150505.085959 2.212 13.831 251.0 11.3
20150505.095959 2.177 13.741 250.5 11.4
20150505.105959 2.139 13.739 250.2 11.4
20150505.115959 2.102 13.739 249.8 11.4
20150505.125959 2.066 13.739 249.4 11.4
20150505.135959 2.031 13.619 249.0 11.6
20150505.145959 1.994 13.616 248.5 11.9
20150505.155959 1.959 13.616 247.9 12.4
20150505.165959 1.922 13.415 247.1 13.1
20150505.175959 1.884 13.137 246.3 14.0
20150505.185959 1.846 13.132 245.6 14.8
20150505.195959 1.806 12.877 245.3 15.1
20150505.205959 1.766 12.705 245.1 14.8
20150505.215959 1.727 12.601 245.3 13.9
20150505.225959 1.690 12.600 245.4 12.9
20150505.235959 1.660 12.525 245.5 12.0
20150506.005959 1.631 12.523 245.6 11.4
20150506.015959 1.604 12.523 245.5 11.0
20150506.025959 1.579 12.433 245.5 10.7
20150506.035959 1.557 12.431 245.4 10.4
20150506.045959 1.532 12.287 245.4 10.3
20150506.055959 1.512 12.073 245.2 10.1
20150506.065959 1.493 12.069 245.1 10.1
20150506.075959 1.478 11.839 245.0 10.0
20150506.085959 1.468 11.653 244.7 10.1
20150506.095959 1.462 11.534 244.3 10.3
20150506.105959 1.460 11.532 243.8 10.7
20150506.115959 1.456 11.458 243.5 11.1
20150506.125959 1.452 11.457 243.1 11.6
20150506.135959 1.448 11.457 242.9 11.9
20150506.145959 1.446 11.457 242.9 12.0
20150506.155959 1.448 11.457 243.0 11.9
20150506.165959 1.458 11.457 243.3 11.9
20150506.175959 1.474 11.457 243.8 11.9
20150506.185959 1.495 11.531 244.3 11.7
20150506.195959 1.523 12.252 244.9 11.5
20150506.205959 1.546 12.701 245.4 11.3
20150506.215959 1.570 13.732 246.0 11.2
20150506.225959 1.583 13.950 246.5 11.2
20150506.235959 1.594 14.164 247.0 11.2
