TPAR
20150504.005959 5.530 16.495 238.9 14.4
20150504.015959 5.434 16.495 238.7 14.4
20150504.025959 5.335 16.495 238.5 14.4
20150504.035959 5.237 16.493 238.3 14.3
20150504.045959 5.133 16.245 238.0 14.2
20150504.055959 5.041 16.239 237.9 14.1
20150504.065959 4.958 16.239 237.6 13.9
20150504.075959 4.882 16.239 237.2 13.9
20150504.085959 4.796 16.239 236.8 13.9
20150504.095959 4.689 15.850 236.4 14.0
20150504.105959 4.578 15.843 236.0 14.0
20150504.115959 4.464 15.484 235.7 14.0
20150504.125959 4.351 15.478 235.4 14.1
20150504.135959 4.249 15.268 235.0 14.3
20150504.145959 4.144 15.265 234.7 14.4
20150504.155959 4.046 15.143 234.5 14.4
20150504.165959 3.946 15.141 234.4 14.2
20150504.175959 3.847 15.141 234.5 13.8
20150504.185959 3.757 15.141 234.6 13.5
20150504.195959 3.675 15.021 234.6 13.2
20150504.205959 3.594 15.018 234.5 13.1
20150504.215959 3.517 15.018 234.4 12.9
20150504.225959 3.439 15.018 234.5 12.5
20150504.235959 3.363 15.018 234.6 12.2
20150505.005959 3.286 14.816 234.6 12.1
20150505.015959 3.214 14.812 234.5 11.9
20150505.025959 3.140 14.498 234.4 11.7
20150505.035959 3.074 14.492 234.3 11.6
20150505.045959 3.007 14.173 234.1 11.4
20150505.055959 2.949 13.957 233.9 11.3
20150505.065959 2.893 13.913 233.6 11.2
20150505.075959 2.842 13.833 233.2 11.2
20150505.085959 2.795 13.831 232.7 11.3
20150505.095959 2.756 13.741 232.2 11.4
20150505.105959 2.713 13.739 231.8 11.4
20150505.115959 2.670 13.739 231.4 11.4
20150505.125959 2.629 13.714 231.1 11.5
20150505.135959 2.589 13.618 230.8 11.6
20150505.145959 2.547 13.616 230.4 11.7
20150505.155959 2.504 13.568 230.0 12.0
20150505.165959 2.460 13.414 229.4 12.4
20150505.175959 2.416 13.137 228.8 13.1
20150505.185959 2.377 13.132 228.0 14.0
20150505.195959 2.336 12.877 227.1 14.9
20150505.205959 2.296 12.705 226.5 15.6
20150505.215959 2.255 12.602 226.2 15.9
20150505.225959 2.206 12.600 226.4 15.1
20150505.235959 2.162 12.525 226.8 14.2
20150506.005959 2.121 12.523 227.0 13.5
20150506.015959 2.082 12.523 227.3 12.7
20150506.025959 2.047 12.433 227.4 12.0
20150506.035959 2.014 12.431 227.6 11.4
20150506.045959 1.982 12.287 227.6 10.8
20150506.055959 1.954 12.284 227.7 10.5
20150506.065959 1.927 12.073 227.6 10.3
20150506.075959 1.907 11.839 227.4 10.2
20150506.085959 1.893 11.653 227.1 10.3
20150506.095959 1.886 11.534 226.7 10.4
20150506.105959 1.880 11.532 226.2 10.7
20150506.115959 1.876 11.458 225.7 11.1
20150506.125959 1.874 11.457 225.1 11.6
20150506.135959 1.870 11.457 224.7 12.1
20150506.145959 1.864 11.397 224.5 12.5
20150506.155959 1.856 11.394 224.6 12.5
20150506.165959 1.852 11.394 224.8 12.3
20150506.175959 1.854 11.394 225.2 12.2
20150506.185959 1.865 11.394 225.5 12.1
20150506.195959 1.880 11.456 226.0 11.9
20150506.205959 1.898 11.646 226.4 11.7
20150506.215959 1.927 12.424 226.8 11.6
20150506.225959 1.943 12.872 227.2 11.6
20150506.235959 1.968 13.733 227.6 12.0
