TPAR
20150504.005959 5.732 16.495 235.4 13.0
20150504.015959 5.652 16.495 235.2 13.0
20150504.025959 5.563 16.495 235.0 12.9
20150504.035959 5.471 16.495 234.8 12.8
20150504.045959 5.380 16.495 234.6 12.8
20150504.055959 5.288 16.495 234.4 12.6
20150504.065959 5.203 16.495 234.2 12.4
20150504.075959 5.119 16.245 233.9 12.4
20150504.085959 5.039 16.239 233.5 12.4
20150504.095959 4.946 16.239 233.1 12.5
20150504.105959 4.834 15.850 232.7 12.5
20150504.115959 4.722 15.843 232.5 12.5
20150504.125959 4.607 15.484 232.2 12.5
20150504.135959 4.498 15.478 231.8 12.7
20150504.145959 4.398 15.268 231.5 12.9
20150504.155959 4.294 15.265 231.2 12.9
20150504.165959 4.200 15.143 231.1 12.9
20150504.175959 4.104 15.141 231.0 12.7
20150504.185959 4.013 15.141 231.1 12.5
20150504.195959 3.927 15.141 231.0 12.3
20150504.205959 3.845 15.141 231.0 12.2
20150504.215959 3.767 15.021 230.9 12.0
20150504.225959 3.687 15.018 231.0 11.8
20150504.235959 3.607 15.018 231.0 11.6
20150505.005959 3.529 15.018 231.0 11.4
20150505.015959 3.448 14.816 231.0 11.3
20150505.025959 3.372 14.812 230.9 11.2
20150505.035959 3.294 14.498 230.8 11.0
20150505.045959 3.222 14.173 230.6 10.9
20150505.055959 3.155 14.168 230.4 10.7
20150505.065959 3.093 13.957 230.2 10.7
20150505.075959 3.038 13.833 229.8 10.7
20150505.085959 2.984 13.831 229.5 10.7
20150505.095959 2.937 13.831 229.1 10.7
20150505.105959 2.896 13.741 228.7 10.8
20150505.115959 2.851 13.739 228.4 10.9
20150505.125959 2.805 13.739 228.1 10.9
20150505.135959 2.761 13.739 227.8 10.9
20150505.145959 2.714 13.619 227.6 11.1
20150505.155959 2.667 13.616 227.3 11.3
20150505.165959 2.618 13.616 226.9 11.6
20150505.175959 2.567 13.415 226.5 12.0
20150505.185959 2.515 13.137 226.0 12.6
20150505.195959 2.468 13.132 225.4 13.4
20150505.205959 2.420 12.877 224.8 14.1
20150505.215959 2.372 12.705 224.4 14.6
20150505.225959 2.324 12.602 224.4 14.3
20150505.235959 2.275 12.600 224.6 13.8
20150506.005959 2.235 12.525 224.7 13.4
20150506.015959 2.193 12.523 224.8 12.8
20150506.025959 2.154 12.523 225.0 12.2
20150506.035959 2.119 12.433 225.1 11.5
20150506.045959 2.087 12.431 225.1 11.0
20150506.055959 2.054 12.287 225.1 10.5
20150506.065959 2.025 12.284 225.1 10.2
20150506.075959 2.000 12.073 225.0 10.1
20150506.085959 1.982 11.839 224.7 10.1
20150506.095959 1.972 11.653 224.3 10.3
20150506.105959 1.964 11.534 223.9 10.5
20150506.115959 1.956 11.532 223.5 10.8
20150506.125959 1.953 11.458 222.9 11.3
20150506.135959 1.948 11.457 222.5 11.7
20150506.145959 1.941 11.457 222.4 12.0
20150506.155959 1.934 11.457 222.4 12.0
20150506.165959 1.932 11.457 222.7 11.8
20150506.175959 1.937 11.457 222.9 11.6
20150506.185959 1.953 11.457 223.2 11.5
20150506.195959 1.976 11.531 223.5 11.2
20150506.205959 2.011 12.059 223.8 11.0
20150506.215959 2.047 12.697 224.1 10.8
20150506.225959 2.087 13.732 224.4 10.7
20150506.235959 2.112 13.950 224.6 11.0
