TPAR
20150504.005959 4.962 16.495 247.0 17.3
20150504.015959 4.844 16.495 247.1 17.2
20150504.025959 4.745 16.495 246.9 17.2
20150504.035959 4.654 16.245 246.6 17.3
20150504.045959 4.580 16.239 246.3 17.3
20150504.055959 4.517 16.239 245.9 17.1
20150504.065959 4.457 16.239 245.5 17.0
20150504.075959 4.381 16.239 245.1 16.9
20150504.085959 4.277 15.850 245.0 16.8
20150504.095959 4.173 15.843 244.8 16.7
20150504.105959 4.070 15.843 244.5 16.8
20150504.115959 3.968 15.484 244.1 17.0
20150504.125959 3.868 15.478 243.8 17.0
20150504.135959 3.769 15.268 243.6 16.9
20150504.145959 3.676 15.143 243.5 16.8
20150504.155959 3.581 15.141 243.5 16.5
20150504.165959 3.490 15.141 243.6 16.1
20150504.175959 3.406 15.141 243.6 15.7
20150504.185959 3.328 15.141 243.6 15.4
20150504.195959 3.256 15.021 243.6 15.3
20150504.205959 3.186 15.018 243.5 15.1
20150504.215959 3.118 15.018 243.4 14.9
20150504.225959 3.048 15.018 243.4 14.5
20150504.235959 2.975 14.816 243.5 14.1
20150505.005959 2.909 14.812 243.4 13.9
20150505.015959 2.844 14.812 243.3 13.7
20150505.025959 2.778 14.498 243.2 13.5
20150505.035959 2.719 14.173 243.0 13.3
20150505.045959 2.666 13.957 242.8 13.2
20150505.055959 2.614 13.954 242.5 13.0
20150505.065959 2.568 13.833 242.1 12.9
20150505.075959 2.523 13.831 241.7 12.9
20150505.085959 2.484 13.741 241.2 12.9
20150505.095959 2.446 13.739 240.6 13.0
20150505.105959 2.407 13.739 240.2 13.1
20150505.115959 2.370 13.736 239.7 13.1
20150505.125959 2.333 13.618 239.3 13.1
20150505.135959 2.298 13.616 238.8 13.2
20150505.145959 2.260 13.415 238.2 13.6
20150505.155959 2.227 13.411 237.3 14.4
20150505.165959 2.191 13.137 236.3 15.4
20150505.175959 2.158 13.132 235.2 16.7
20150505.185959 2.123 12.877 234.2 18.0
20150505.195959 2.085 12.705 233.7 18.6
20150505.205959 2.045 12.602 233.6 18.4
20150505.215959 2.002 12.600 233.8 17.5
20150505.225959 1.961 12.525 234.2 16.0
20150505.235959 1.923 12.523 234.6 14.7
20150506.005959 1.889 12.433 234.8 13.8
20150506.015959 1.857 12.431 234.9 13.0
20150506.025959 1.826 12.287 235.0 12.5
20150506.035959 1.799 12.284 235.0 12.0
20150506.045959 1.773 12.073 235.0 11.6
20150506.055959 1.750 11.838 234.9 11.4
20150506.065959 1.732 11.653 234.8 11.2
20150506.075959 1.716 11.650 234.7 11.0
20150506.085959 1.707 11.534 234.4 11.0
20150506.095959 1.703 11.458 234.0 11.2
20150506.105959 1.700 11.457 233.5 11.5
20150506.115959 1.694 11.457 233.0 11.9
20150506.125959 1.694 11.395 232.6 12.4
20150506.135959 1.690 11.394 232.3 12.8
20150506.145959 1.690 11.394 232.1 13.2
20150506.155959 1.692 11.394 232.2 13.4
20150506.165959 1.702 11.394 232.4 13.6
20150506.175959 1.717 11.394 232.7 13.7
20150506.185959 1.734 11.456 233.2 13.7
20150506.195959 1.752 11.646 233.8 13.6
20150506.205959 1.778 12.424 234.5 13.5
20150506.215959 1.790 13.118 235.1 13.4
20150506.225959 1.807 13.734 235.7 13.4
20150506.235959 1.813 13.833 236.1 13.5
