TPAR
20150504.005959 5.376 16.642 242.4 9.0
20150504.015959 5.351 16.642 242.3 8.9
20150504.025959 5.327 16.642 242.2 8.8
20150504.035959 5.288 16.642 242.1 8.7
20150504.045959 5.237 16.642 242.0 8.6
20150504.055959 5.189 16.642 241.9 8.5
20150504.065959 5.136 16.642 241.8 8.4
20150504.075959 5.093 16.642 241.7 8.4
20150504.085959 5.045 16.541 241.5 8.4
20150504.095959 4.993 16.496 241.3 8.4
20150504.105959 4.915 16.495 241.2 8.4
20150504.115959 4.836 16.495 241.1 8.3
20150504.125959 4.751 16.495 241.0 8.2
20150504.135959 4.658 16.246 240.9 8.2
20150504.145959 4.560 16.239 240.8 8.2
20150504.155959 4.462 15.850 240.7 8.1
20150504.165959 4.364 15.563 240.6 8.1
20150504.175959 4.275 15.480 240.5 8.0
20150504.185959 4.196 15.268 240.4 7.9
20150504.195959 4.105 15.265 240.3 7.8
20150504.205959 4.026 15.171 240.2 7.7
20150504.215959 3.950 15.142 240.2 7.7
20150504.225959 3.874 15.141 240.1 7.6
20150504.235959 3.797 15.141 240.0 7.5
20150505.005959 3.710 15.141 240.0 7.5
20150505.015959 3.628 15.058 239.9 7.4
20150505.025959 3.542 15.019 239.8 7.4
20150505.035959 3.453 15.018 239.7 7.4
20150505.045959 3.365 15.018 239.6 7.4
20150505.055959 3.285 14.816 239.5 7.4
20150505.065959 3.194 14.498 239.3 7.5
20150505.075959 3.122 14.247 239.1 7.5
20150505.085959 3.044 13.958 238.9 7.6
20150505.095959 2.977 13.954 238.6 7.7
20150505.105959 2.919 13.833 238.4 7.7
20150505.115959 2.855 13.831 238.2 7.7
20150505.125959 2.791 13.831 238.0 7.7
20150505.135959 2.729 13.741 237.8 7.7
20150505.145959 2.666 13.739 237.7 7.7
20150505.155959 2.603 13.739 237.5 7.7
20150505.165959 2.539 13.739 237.4 7.8
20150505.175959 2.469 13.619 237.2 7.8
20150505.185959 2.400 13.616 237.0 7.9
20150505.195959 2.328 13.478 236.8 8.0
20150505.205959 2.259 13.412 236.6 8.1
20150505.215959 2.190 13.137 236.3 8.2
20150505.225959 2.129 12.877 236.1 8.3
20150505.235959 2.076 12.705 235.9 8.2
20150506.005959 2.026 12.702 235.8 8.2
20150506.015959 1.985 12.602 235.6 8.1
20150506.025959 1.944 12.600 235.5 7.9
20150506.035959 1.907 12.525 235.4 7.7
20150506.045959 1.871 12.523 235.4 7.6
20150506.055959 1.836 12.523 235.3 7.6
20150506.065959 1.805 12.433 235.2 7.6
20150506.075959 1.774 12.431 235.1 7.6
20150506.085959 1.745 12.287 234.8 7.8
20150506.095959 1.723 12.284 234.5 8.0
20150506.105959 1.704 12.073 234.3 8.1
20150506.115959 1.686 11.839 234.1 8.2
20150506.125959 1.674 11.653 233.9 8.3
20150506.135959 1.664 11.559 233.7 8.3
20150506.145959 1.654 11.533 233.6 8.3
20150506.155959 1.648 11.532 233.6 8.2
20150506.165959 1.648 11.458 233.7 8.0
20150506.175959 1.655 11.457 233.8 7.9
20150506.185959 1.669 11.531 233.9 7.8
20150506.195959 1.696 11.648 234.0 7.6
20150506.205959 1.737 12.276 234.2 7.4
20150506.215959 1.780 12.734 234.4 7.3
20150506.225959 1.831 13.732 234.6 7.2
20150506.235959 1.870 14.159 234.8 7.1
