TPAR
20150504.005959 5.039 16.495 246.2 17.5
20150504.015959 4.924 16.495 246.3 17.5
20150504.025959 4.822 16.495 246.1 17.5
20150504.035959 4.727 16.245 245.8 17.6
20150504.045959 4.644 16.239 245.6 17.5
20150504.055959 4.575 16.239 245.3 17.3
20150504.065959 4.509 16.239 244.9 17.2
20150504.075959 4.429 16.239 244.6 17.1
20150504.085959 4.327 15.850 244.4 17.0
20150504.095959 4.222 15.843 244.1 17.0
20150504.105959 4.118 15.843 243.8 17.1
20150504.115959 4.014 15.484 243.4 17.3
20150504.125959 3.915 15.268 243.0 17.3
20150504.135959 3.811 15.265 242.8 17.3
20150504.145959 3.716 15.143 242.7 17.2
20150504.155959 3.618 15.141 242.7 16.9
20150504.165959 3.526 15.141 242.8 16.6
20150504.175959 3.439 15.141 242.9 16.2
20150504.185959 3.359 15.141 242.9 15.9
20150504.195959 3.285 15.021 242.8 15.7
20150504.205959 3.215 15.018 242.7 15.5
20150504.215959 3.145 15.018 242.6 15.3
20150504.225959 3.073 15.018 242.7 14.9
20150504.235959 3.000 14.816 242.8 14.5
20150505.005959 2.932 14.812 242.8 14.3
20150505.015959 2.866 14.812 242.7 14.0
20150505.025959 2.801 14.498 242.6 13.8
20150505.035959 2.739 14.173 242.4 13.6
20150505.045959 2.684 14.168 242.1 13.5
20150505.055959 2.632 13.957 241.8 13.3
20150505.065959 2.584 13.833 241.5 13.2
20150505.075959 2.537 13.831 241.0 13.2
20150505.085959 2.499 13.741 240.5 13.2
20150505.095959 2.460 13.739 239.9 13.4
20150505.105959 2.423 13.739 239.4 13.5
20150505.115959 2.386 13.739 239.0 13.5
20150505.125959 2.349 13.618 238.5 13.5
20150505.135959 2.314 13.616 238.0 13.6
20150505.145959 2.279 13.616 237.4 13.9
20150505.155959 2.241 13.415 236.6 14.5
20150505.165959 2.209 13.408 235.6 15.6
20150505.175959 2.176 13.137 234.4 17.0
20150505.185959 2.143 12.878 233.2 18.6
20150505.195959 2.109 12.705 232.3 19.8
20150505.205959 2.072 12.602 232.0 20.0
20150505.215959 2.028 12.600 232.2 19.2
20150505.225959 1.985 12.525 232.8 17.5
20150505.235959 1.943 12.523 233.3 15.9
20150506.005959 1.906 12.433 233.6 14.8
20150506.015959 1.874 12.431 233.9 13.8
20150506.025959 1.843 12.398 234.0 13.1
20150506.035959 1.813 12.286 234.1 12.6
20150506.045959 1.786 12.073 234.1 12.1
20150506.055959 1.763 12.069 234.0 11.8
20150506.065959 1.742 11.838 233.9 11.6
20150506.075959 1.727 11.653 233.8 11.4
20150506.085959 1.716 11.534 233.5 11.4
20150506.095959 1.710 11.509 233.1 11.6
20150506.105959 1.706 11.458 232.6 11.8
20150506.115959 1.702 11.457 232.2 12.2
20150506.125959 1.700 11.395 231.7 12.7
20150506.135959 1.698 11.394 231.3 13.2
20150506.145959 1.697 11.394 231.0 13.7
20150506.155959 1.697 11.394 231.0 14.0
20150506.165959 1.704 11.394 231.2 14.3
20150506.175959 1.714 11.394 231.6 14.4
20150506.185959 1.730 11.411 232.2 14.4
20150506.195959 1.743 11.530 232.9 14.3
20150506.205959 1.762 12.123 233.6 14.1
20150506.215959 1.777 12.697 234.2 14.0
20150506.225959 1.794 13.606 234.9 14.0
20150506.235959 1.800 13.829 235.4 14.1
