TPAR
20150504.005959 5.393 16.498 238.4 11.2
20150504.015959 5.332 16.495 238.3 11.2
20150504.025959 5.260 16.495 238.1 11.1
20150504.035959 5.180 16.495 238.0 11.0
20150504.045959 5.098 16.495 237.9 11.0
20150504.055959 5.014 16.495 237.7 10.9
20150504.065959 4.932 16.495 237.6 10.8
20150504.075959 4.856 16.495 237.4 10.7
20150504.085959 4.780 16.495 237.0 10.8
20150504.095959 4.691 16.245 236.7 10.9
20150504.105959 4.595 16.239 236.4 10.9
20150504.115959 4.486 16.239 236.2 10.9
20150504.125959 4.369 15.850 236.1 10.8
20150504.135959 4.256 15.484 235.8 10.9
20150504.145959 4.148 15.478 235.6 11.0
20150504.155959 4.047 15.268 235.4 11.0
20150504.165959 3.949 15.265 235.3 11.0
20150504.175959 3.860 15.143 235.2 10.8
20150504.185959 3.771 15.141 235.2 10.5
20150504.195959 3.688 15.141 235.1 10.4
20150504.205959 3.608 15.141 235.1 10.3
20150504.215959 3.530 15.141 235.0 10.2
20150504.225959 3.454 15.141 235.0 10.1
20150504.235959 3.380 15.021 235.0 9.9
20150505.005959 3.306 15.018 235.0 9.9
20150505.015959 3.232 15.018 234.9 9.8
20150505.025959 3.159 15.018 234.8 9.7
20150505.035959 3.084 14.816 234.7 9.6
20150505.045959 3.010 14.498 234.5 9.6
20150505.055959 2.944 14.492 234.3 9.6
20150505.065959 2.878 14.173 234.0 9.6
20150505.075959 2.821 13.957 233.7 9.6
20150505.085959 2.767 13.954 233.4 9.7
20150505.095959 2.722 13.833 233.1 9.7
20150505.105959 2.674 13.831 232.8 9.8
20150505.115959 2.629 13.831 232.5 9.8
20150505.125959 2.588 13.741 232.3 9.8
20150505.135959 2.543 13.739 232.0 9.9
20150505.145959 2.497 13.739 231.8 9.9
20150505.155959 2.448 13.739 231.6 9.9
20150505.165959 2.398 13.619 231.5 10.0
20150505.175959 2.348 13.616 231.2 10.1
20150505.185959 2.294 13.415 231.0 10.3
20150505.195959 2.243 13.411 230.6 10.5
20150505.205959 2.191 13.137 230.3 10.9
20150505.215959 2.141 12.877 229.9 11.3
20150505.225959 2.093 12.705 229.7 11.3
20150505.235959 2.048 12.702 229.6 11.2
20150506.005959 2.009 12.602 229.5 11.2
20150506.015959 1.970 12.600 229.5 10.8
20150506.025959 1.938 12.525 229.4 10.3
20150506.035959 1.905 12.523 229.4 9.7
20150506.045959 1.874 12.523 229.4 9.3
20150506.055959 1.847 12.433 229.4 9.0
20150506.065959 1.821 12.431 229.3 9.0
20150506.075959 1.796 12.287 229.1 9.0
20150506.085959 1.777 12.073 228.8 9.2
20150506.095959 1.764 12.022 228.4 9.5
20150506.105959 1.753 11.838 228.1 9.7
20150506.115959 1.741 11.653 227.8 9.9
20150506.125959 1.734 11.534 227.5 10.1
20150506.135959 1.726 11.532 227.3 10.3
20150506.145959 1.718 11.458 227.2 10.3
20150506.155959 1.709 11.457 227.3 10.1
20150506.165959 1.707 11.457 227.4 9.9
20150506.175959 1.711 11.457 227.5 9.8
20150506.185959 1.725 11.457 227.7 9.7
20150506.195959 1.748 11.531 227.9 9.5
20150506.205959 1.777 11.829 228.1 9.3
20150506.215959 1.819 12.595 228.4 9.1
20150506.225959 1.860 13.605 228.6 9.0
20150506.235959 1.891 13.949 228.9 9.2
