TPAR
20150504.005959 3.740 16.801 242.8 8.5
20150504.015959 3.740 16.801 242.7 8.3
20150504.025959 3.739 16.644 242.7 8.2
20150504.035959 3.739 16.642 242.6 8.1
20150504.045959 3.739 16.642 242.5 7.9
20150504.055959 3.739 16.642 242.4 7.8
20150504.065959 3.739 16.642 242.3 7.8
20150504.075959 3.739 16.642 242.2 7.7
20150504.085959 3.739 16.642 242.0 7.7
20150504.095959 3.739 16.642 241.9 7.6
20150504.105959 3.739 16.642 241.7 7.5
20150504.115959 3.739 16.590 241.6 7.5
20150504.125959 3.739 16.497 241.5 7.4
20150504.135959 3.739 16.416 241.5 7.3
20150504.145959 3.739 16.412 241.4 7.3
20150504.155959 3.739 16.103 241.3 7.2
20150504.165959 3.739 15.693 241.2 7.1
20150504.175959 3.739 15.482 241.1 7.1
20150504.185959 3.739 15.379 241.0 7.0
20150504.195959 3.739 15.266 240.9 6.9
20150504.205959 3.739 15.265 240.8 6.9
20150504.215959 3.739 15.265 240.7 6.8
20150504.225959 3.739 15.144 240.6 6.8
20150504.235959 3.739 15.141 240.5 6.7
20150505.005959 3.739 15.141 240.5 6.7
20150505.015959 3.739 15.141 240.4 6.7
20150505.025959 3.705 15.141 240.3 6.6
20150505.035959 3.623 15.022 240.2 6.6
20150505.045959 3.517 15.018 240.1 6.7
20150505.055959 3.429 14.819 240.0 6.7
20150505.065959 3.334 14.633 239.8 6.8
20150505.075959 3.249 14.494 239.6 6.8
20150505.085959 3.163 14.173 239.4 6.9
20150505.095959 3.093 13.958 239.2 6.9
20150505.105959 3.023 13.875 239.0 7.0
20150505.115959 2.955 13.832 238.9 7.0
20150505.125959 2.884 13.831 238.7 7.0
20150505.135959 2.815 13.831 238.5 7.0
20150505.145959 2.751 13.741 238.4 7.0
20150505.155959 2.684 13.739 238.2 7.0
20150505.165959 2.617 13.739 238.1 7.0
20150505.175959 2.543 13.739 237.9 7.0
20150505.185959 2.471 13.619 237.8 7.0
20150505.195959 2.398 13.616 237.6 7.0
20150505.205959 2.322 13.415 237.4 7.1
20150505.215959 2.250 13.138 237.2 7.1
20150505.225959 2.186 12.971 237.0 7.2
20150505.235959 2.127 12.875 236.8 7.2
20150506.005959 2.078 12.705 236.6 7.2
20150506.015959 2.034 12.602 236.5 7.1
20150506.025959 1.991 12.600 236.4 7.1
20150506.035959 1.951 12.600 236.3 7.0
20150506.045959 1.916 12.525 236.2 7.0
20150506.055959 1.878 12.523 236.1 7.0
20150506.065959 1.844 12.523 236.1 7.0
20150506.075959 1.810 12.433 236.0 7.1
20150506.085959 1.780 12.431 235.8 7.1
20150506.095959 1.753 12.287 235.6 7.3
20150506.105959 1.732 12.073 235.3 7.3
20150506.115959 1.713 11.839 235.2 7.4
20150506.125959 1.698 11.653 235.0 7.4
20150506.135959 1.686 11.650 234.8 7.5
20150506.145959 1.677 11.534 234.7 7.4
20150506.155959 1.670 11.532 234.7 7.3
20150506.165959 1.670 11.532 234.7 7.2
20150506.175959 1.680 11.458 234.7 7.1
20150506.185959 1.696 11.531 234.8 7.0
20150506.195959 1.726 11.648 234.9 6.9
20150506.205959 1.770 12.278 235.1 6.7
20150506.215959 1.815 12.867 235.3 6.6
20150506.225959 1.869 13.826 235.4 6.5
20150506.235959 1.914 14.161 235.6 6.3
