TPAR
20150504.005959 5.898 16.495 234.5 12.8
20150504.015959 5.826 16.495 234.3 12.8
20150504.025959 5.745 16.495 234.0 12.8
20150504.035959 5.655 16.495 233.8 12.7
20150504.045959 5.565 16.495 233.6 12.7
20150504.055959 5.471 16.495 233.4 12.6
20150504.065959 5.380 16.495 233.3 12.4
20150504.075959 5.296 16.495 233.0 12.4
20150504.085959 5.207 16.245 232.6 12.3
20150504.095959 5.117 16.239 232.2 12.4
20150504.105959 5.014 16.239 231.9 12.5
20150504.115959 4.890 15.850 231.6 12.4
20150504.125959 4.776 15.843 231.3 12.5
20150504.135959 4.661 15.484 230.9 12.7
20150504.145959 4.557 15.268 230.6 12.8
20150504.155959 4.448 15.265 230.3 12.9
20150504.165959 4.353 15.143 230.1 12.9
20150504.175959 4.252 15.141 230.0 12.7
20150504.185959 4.158 15.141 230.0 12.5
20150504.195959 4.068 15.141 230.0 12.3
20150504.205959 3.982 15.141 230.0 12.1
20150504.215959 3.902 15.021 229.9 12.0
20150504.225959 3.818 15.018 229.9 11.8
20150504.235959 3.736 15.018 229.9 11.6
20150505.005959 3.654 15.018 229.9 11.4
20150505.015959 3.573 15.018 229.9 11.3
20150505.025959 3.489 14.816 229.8 11.2
20150505.035959 3.411 14.812 229.7 11.1
20150505.045959 3.330 14.498 229.5 11.0
20150505.055959 3.256 14.173 229.4 10.9
20150505.065959 3.189 13.957 229.1 10.8
20150505.075959 3.126 13.954 228.8 10.8
20150505.085959 3.073 13.833 228.5 10.8
20150505.095959 3.023 13.831 228.1 10.9
20150505.105959 2.974 13.831 227.7 10.9
20150505.115959 2.931 13.741 227.4 11.0
20150505.125959 2.885 13.739 227.1 11.0
20150505.135959 2.838 13.739 226.9 11.1
20150505.145959 2.791 13.739 226.6 11.2
20150505.155959 2.739 13.619 226.3 11.4
20150505.165959 2.687 13.616 226.1 11.6
20150505.175959 2.631 13.415 225.7 11.9
20150505.185959 2.578 13.411 225.3 12.3
20150505.195959 2.524 13.137 224.8 12.9
20150505.205959 2.472 12.877 224.2 13.6
20150505.215959 2.424 12.705 223.8 14.3
20150505.225959 2.371 12.702 223.6 14.3
20150505.235959 2.323 12.602 223.6 14.0
20150506.005959 2.277 12.600 223.6 13.6
20150506.015959 2.237 12.525 223.7 13.1
20150506.025959 2.196 12.523 223.9 12.5
20150506.035959 2.159 12.523 224.0 11.8
20150506.045959 2.124 12.433 224.0 11.2
20150506.055959 2.093 12.431 224.1 10.8
20150506.065959 2.062 12.287 224.0 10.5
20150506.075959 2.036 12.073 223.9 10.4
20150506.085959 2.016 11.839 223.6 10.5
20150506.095959 2.005 11.835 223.1 10.6
20150506.105959 1.994 11.653 222.8 10.8
20150506.115959 1.985 11.534 222.4 11.2
20150506.125959 1.978 11.532 222.0 11.5
20150506.135959 1.974 11.458 221.6 11.9
20150506.145959 1.967 11.457 221.4 12.2
20150506.155959 1.961 11.457 221.4 12.1
20150506.165959 1.959 11.457 221.6 11.9
20150506.175959 1.965 11.457 221.8 11.7
20150506.185959 1.984 11.457 222.1 11.5
20150506.195959 2.011 11.531 222.4 11.4
20150506.205959 2.050 12.059 222.6 11.2
20150506.215959 2.091 12.865 222.9 10.9
20150506.225959 2.141 13.733 223.2 10.8
20150506.235959 2.172 14.159 223.4 11.0
