373317.143 6499386.525
371513.359 6499364.972
369108.366 6499335.746
366302.556 6499301.017
363897.537 6499270.580
361091.697 6499234.328
358686.649 6499202.792
355880.777 6499165.127
352490.354 6499118.726
349138.792 6499071.670
348290.072 6497327.112
348346.606 6493471.756
348387.609 6490677.946
348438.904 6487185.725
348485.108 6484042.690
348521.071 6481598.049
348567.340 6478455.102
348603.354 6476010.444
348665.143 6471819.740
348721.843 6467978.113
348778.597 6464136.577
348830.239 6460644.234
348866.417 6458199.519
348902.615 6455754.906
348938.838 6453310.175
348969.903 6451214.763
349011.349 6448420.799
349042.452 6446325.374
349099.517 6442483.729
349141.055 6439689.733
349193.017 6436197.278
349239.822 6433054.033
349291.871 6429561.548
349333.543 6426767.504
349375.243 6423973.560
349432.631 6420131.691
349484.849 6416639.146
349547.569 6412448.116
349589.420 6409654.008
353182.832 6409707.207
356262.891 6409751.782
359856.252 6409802.590
362936.174 6409845.114
365759.512 6409883.265
368582.835 6409920.622
371662.704 6409960.467
374229.341 6409992.951
377565.923 6410034.198
379619.136 6410059.028
382077.436 6410088.205
